Items: 3 , 2 , 1 , 6 , 4 , 15 , 18 , 10 , 14 , 0 , 1 , 16 , 28 , 20 , 4 , 24 , 11 , 12 , 20 , 15 , 18 , 21 , 2 , 11 , 5 , 16 , 7 , 21 , 19 , 1 , 12 , 23 , 20 , 16 , 25 , 6 , 25 , 1 , 15 , 22 , 23 , 13 , 16 , 4 , 13 , 14 , 3 , 27 , 15 , 21 , 29 , 28 , 30 , 2 , 8 , 17 , 17 , 15 , 22 , 30 , 17 , 17 , 28 , 18 , 11 , 25 , 26 , 24 , 21 , 29 , 29 , 4 , 0 , 6 , 28 , 3 , 0 , 24 , 4 , 1 , 24 , 7 , 6 , 7 , 22 , 4 , 7 , 16 , 11 , 1 , 14 , 14 , 14 , 8 , 19 , 0 , 6 , 5 , 1 , 9 , 18 , 25 , 23 , 17 , 16 , 8 , 28 , 0 , 6 , 17 , 10 , 29 , 25 , 10 , 6 , 24 , 10 , 30 , 12 , 26 , 5 , 10 , 27 , 23 , 9 , 19 , 8 , 7 , 18 , 8 , 8 , 22 , 8 , 9 , 23 , 27 , 12 , 14 , 13 , 9 , 14 , 10 , 1 , 17 , 13 , 25 , 4 , 26 , 20 , 3 , 3 , 8 , 15 , 26 , 6 , 27 , 0 , 5 , 0 , 3 , 23 , 22 , 11 , 11 , 10 , 19 , 2 , 19 , 12 , 30 , 14 , 5 , 19 , 26 , 3 , 24 , 12 , 5 , 20 , 29 , 4 , 21 , 13 , 13 , 13 , 10 , 3 , 0 , 12 , 9 , 11 , 21 , 20 , 7 , 26 , 29 , 27 , 7 , 28 , 16 , 
Bins: 9 , 9 , 1 , 9 , 9 , 8 , 9 , 8 , 8 , 8 , 8 , 9 , 9 , 8 , 9 , 9 , 8 , 8 , 9 , 9 , 9 , 9 , 9 , 8 , 8 , 9 , 8 , 8 , 8 , 8 , 1 , 
Cost: 389779
time: 31.471093
nImprovAfterGreedy: 52
nImprovAfterRandom: 52
nMigrate: 223191
nSwap: 120891
n: 200
m: 10
Seed: 8754
