Items: 0 , 2 , 9 , 13 , 3 , 33 , 17 , 13 , 20 , 32 , 16 , 1 , 21 , 7 , 7 , 24 , 26 , 2 , 21 , 4 , 5 , 22 , 21 , 26 , 2 , 24 , 24 , 22 , 24 , 16 , 0 , 32 , 32 , 35 , 36 , 13 , 14 , 5 , 0 , 34 , 26 , 25 , 1 , 30 , 25 , 33 , 10 , 11 , 33 , 6 , 31 , 5 , 29 , 15 , 5 , 36 , 27 , 33 , 12 , 31 , 17 , 27 , 24 , 14 , 15 , 14 , 23 , 12 , 6 , 36 , 18 , 33 , 11 , 27 , 18 , 8 , 34 , 7 , 14 , 16 , 16 , 28 , 13 , 3 , 34 , 1 , 3 , 8 , 26 , 16 , 17 , 19 , 33 , 36 , 10 , 35 , 31 , 8 , 16 , 35 , 18 , 28 , 19 , 27 , 12 , 29 , 20 , 34 , 20 , 17 , 30 , 16 , 29 , 36 , 31 , 3 , 36 , 15 , 25 , 6 , 2 , 15 , 30 , 10 , 4 , 29 , 13 , 28 , 30 , 7 , 30 , 6 , 16 , 22 , 9 , 31 , 19 , 13 , 4 , 4 , 0 , 28 , 9 , 1 , 12 , 14 , 11 , 22 , 32 , 15 , 20 , 1 , 35 , 6 , 26 , 11 , 17 , 8 , 25 , 8 , 18 , 28 , 26 , 24 , 21 , 29 , 6 , 23 , 19 , 10 , 13 , 16 , 3 , 23 , 32 , 19 , 23 , 2 , 32 , 18 , 3 , 5 , 25 , 25 , 7 , 15 , 0 , 7 , 23 , 23 , 19 , 22 , 17 , 20 , 25 , 12 , 30 , 21 , 18 , 0 , 
Bins: 15 , 4 , 12 , 15 , 4 , 15 , 15 , 17 , 4 , 3 , 4 , 15 , 15 , 17 , 15 , 16 , 19 , 13 , 16 , 15 , 13 , 15 , 12 , 12 , 15 , 16 , 16 , 4 , 15 , 15 , 15 , 15 , 15 , 15 , 15 , 4 , 15 , 
Cost: 469639
time: 37.897839
nImprovAfterGreedy: 44
nImprovAfterRandom: 44
nMigrate: 198502
nSwap: 142582
n: 200
m: 20
Seed: 32203
