Items: 9 , 7 , 2 , 1 , 3 , 5 , 8 , 7 , 1 , 0 , 2 , 4 , 7 , 5 , 0 , 9 , 10 , 4 , 5 , 0 , 7 , 0 , 7 , 10 , 6 , 1 , 0 , 9 , 1 , 1 , 8 , 0 , 12 , 1 , 6 , 1 , 6 , 2 , 8 , 3 , 10 , 10 , 10 , 0 , 6 , 3 , 2 , 0 , 5 , 12 , 5 , 10 , 8 , 3 , 11 , 1 , 1 , 5 , 6 , 11 , 8 , 1 , 8 , 6 , 2 , 3 , 4 , 9 , 4 , 4 , 4 , 0 , 9 , 1 , 8 , 3 , 9 , 7 , 6 , 0 , 9 , 8 , 1 , 2 , 3 , 4 , 2 , 7 , 10 , 2 , 2 , 2 , 5 , 11 , 4 , 9 , 11 , 11 , 2 , 7 , 
Bins: 49 , 49 , 49 , 49 , 49 , 49 , 49 , 49 , 49 , 49 , 49 , 38 , 0 , 
Cost: 88114
time: 7.298705
nImprovAfterGreedy: 28
nImprovAfterRandom: 28
nMigrate: 135847
nSwap: 122338
n: 100
m: 50
Seed: 96124
