Items: 1 , 17 , 15 , 2 , 12 , 9 , 6 , 17 , 2 , 2 , 2 , 4 , 13 , 7 , 0 , 15 , 8 , 2 , 17 , 6 , 5 , 11 , 17 , 8 , 0 , 11 , 3 , 11 , 11 , 5 , 14 , 8 , 8 , 4 , 16 , 13 , 1 , 5 , 15 , 12 , 1 , 10 , 10 , 3 , 16 , 9 , 8 , 3 , 9 , 14 , 16 , 10 , 14 , 3 , 12 , 13 , 6 , 9 , 10 , 7 , 6 , 13 , 14 , 1 , 6 , 2 , 7 , 10 , 16 , 13 , 7 , 9 , 15 , 2 , 14 , 11 , 13 , 0 , 1 , 5 , 11 , 5 , 2 , 6 , 12 , 0 , 12 , 0 , 10 , 5 , 8 , 15 , 9 , 16 , 4 , 11 , 17 , 4 , 0 , 4 , 
Bins: 9 , 8 , 9 , 8 , 8 , 8 , 9 , 3 , 8 , 8 , 8 , 8 , 8 , 8 , 8 , 3 , 8 , 8 , 
Cost: 139987
time: 9.884986
nImprovAfterGreedy: 27
nImprovAfterRandom: 27
nMigrate: 230116
nSwap: 148434
n: 100
m: 10
Seed: 80293
