Items: 3 , 22 , 22 , 8 , 9 , 4 , 12 , 28 , 13 , 2 , 12 , 30 , 5 , 21 , 9 , 3 , 24 , 22 , 28 , 15 , 11 , 19 , 22 , 24 , 1 , 30 , 26 , 19 , 24 , 16 , 6 , 22 , 26 , 30 , 15 , 21 , 9 , 11 , 28 , 3 , 10 , 22 , 16 , 16 , 20 , 26 , 17 , 18 , 4 , 27 , 21 , 11 , 18 , 5 , 16 , 4 , 32 , 15 , 13 , 24 , 32 , 30 , 25 , 25 , 12 , 8 , 17 , 29 , 28 , 0 , 0 , 26 , 18 , 8 , 27 , 3 , 31 , 9 , 9 , 16 , 29 , 12 , 8 , 12 , 20 , 14 , 10 , 2 , 13 , 2 , 13 , 27 , 4 , 15 , 0 , 13 , 16 , 1 , 23 , 7 , 19 , 25 , 22 , 32 , 30 , 18 , 5 , 31 , 5 , 30 , 7 , 21 , 14 , 21 , 4 , 10 , 21 , 8 , 31 , 21 , 1 , 8 , 15 , 23 , 7 , 24 , 12 , 6 , 15 , 2 , 27 , 14 , 18 , 17 , 10 , 1 , 27 , 0 , 19 , 7 , 26 , 5 , 27 , 14 , 13 , 25 , 18 , 4 , 3 , 20 , 2 , 15 , 9 , 14 , 24 , 16 , 13 , 2 , 2 , 0 , 10 , 25 , 1 , 13 , 28 , 18 , 11 , 17 , 29 , 23 , 0 , 8 , 13 , 17 , 3 , 29 , 17 , 1 , 28 , 24 , 14 , 11 , 20 , 28 , 12 , 20 , 7 , 2 , 17 , 17 , 22 , 29 , 19 , 26 , 20 , 23 , 31 , 28 , 27 , 6 , 
Bins: 44 , 27 , 46 , 46 , 26 , 27 , 5 , 19 , 26 , 44 , 26 , 27 , 46 , 48 , 44 , 48 , 26 , 48 , 48 , 24 , 19 , 48 , 48 , 27 , 26 , 27 , 27 , 26 , 48 , 27 , 27 , 24 , 3 , 
Cost: 415860
time: 37.278484
nImprovAfterGreedy: 71
nImprovAfterRandom: 71
nMigrate: 135312
nSwap: 110793
n: 200
m: 50
Seed: 92552
