Items: 7 , 15 , 5 , 3 , 7 , 1 , 5 , 15 , 0 , 4 , 0 , 12 , 15 , 16 , 2 , 11 , 4 , 0 , 16 , 4 , 10 , 13 , 7 , 17 , 3 , 8 , 11 , 10 , 8 , 0 , 13 , 4 , 4 , 8 , 9 , 8 , 2 , 10 , 5 , 11 , 14 , 14 , 2 , 6 , 11 , 1 , 0 , 6 , 1 , 13 , 16 , 10 , 6 , 11 , 9 , 8 , 5 , 1 , 3 , 3 , 5 , 8 , 13 , 17 , 5 , 16 , 9 , 15 , 13 , 14 , 3 , 1 , 17 , 8 , 7 , 7 , 14 , 2 , 7 , 0 , 15 , 13 , 3 , 0 , 10 , 2 , 4 , 2 , 17 , 2 , 12 , 15 , 1 , 9 , 12 , 17 , 9 , 12 , 0 , 12 , 
Bins: 9 , 6 , 9 , 6 , 6 , 9 , 3 , 6 , 6 , 6 , 6 , 6 , 6 , 6 , 3 , 6 , 6 , 6 , 
Cost: 113841
time: 9.014658
nImprovAfterGreedy: 42
nImprovAfterRandom: 42
nMigrate: 196535
nSwap: 127065
n: 100
m: 10
Seed: 44266
