Items: 16 , 14 , 7 , 9 , 22 , 3 , 12 , 4 , 12 , 10 , 7 , 21 , 19 , 11 , 6 , 16 , 10 , 19 , 11 , 0 , 3 , 0 , 3 , 2 , 14 , 16 , 6 , 0 , 2 , 5 , 16 , 10 , 2 , 20 , 11 , 15 , 6 , 7 , 16 , 22 , 24 , 4 , 12 , 6 , 12 , 4 , 10 , 23 , 3 , 13 , 11 , 23 , 23 , 18 , 1 , 15 , 15 , 0 , 22 , 17 , 7 , 15 , 18 , 24 , 10 , 11 , 12 , 23 , 13 , 19 , 17 , 6 , 1 , 9 , 20 , 9 , 4 , 14 , 6 , 6 , 9 , 5 , 9 , 7 , 22 , 21 , 22 , 14 , 10 , 5 , 7 , 7 , 3 , 1 , 2 , 0 , 9 , 14 , 19 , 20 , 12 , 18 , 10 , 15 , 23 , 2 , 20 , 21 , 20 , 20 , 7 , 11 , 9 , 1 , 9 , 21 , 15 , 12 , 5 , 20 , 14 , 13 , 8 , 19 , 0 , 2 , 1 , 21 , 8 , 1 , 8 , 22 , 1 , 13 , 24 , 17 , 5 , 4 , 0 , 0 , 4 , 7 , 5 , 15 , 8 , 9 , 1 , 17 , 16 , 14 , 10 , 1 , 20 , 12 , 10 , 8 , 0 , 14 , 4 , 13 , 24 , 18 , 10 , 10 , 7 , 2 , 6 , 2 , 5 , 19 , 13 , 13 , 21 , 21 , 16 , 3 , 5 , 14 , 11 , 11 , 22 , 13 , 17 , 4 , 4 , 12 , 16 , 4 , 5 , 18 , 1 , 5 , 0 , 6 , 12 , 19 , 8 , 4 , 23 , 16 , 
Bins: 19 , 19 , 19 , 8 , 19 , 19 , 19 , 19 , 11 , 19 , 19 , 19 , 19 , 19 , 19 , 16 , 19 , 1 , 11 , 19 , 19 , 19 , 19 , 11 , 2 , 
Cost: 389365
time: 35.410503
nImprovAfterGreedy: 49
nImprovAfterRandom: 49
nMigrate: 225592
nSwap: 179227
n: 200
m: 20
Seed: 29004
