Items: 8 , 14 , 6 , 16 , 22 , 30 , 5 , 5 , 15 , 18 , 6 , 1 , 21 , 24 , 2 , 24 , 11 , 23 , 24 , 17 , 26 , 9 , 4 , 0 , 23 , 1 , 17 , 9 , 9 , 15 , 15 , 18 , 18 , 1 , 3 , 19 , 29 , 26 , 30 , 3 , 31 , 28 , 5 , 2 , 28 , 17 , 27 , 4 , 30 , 13 , 0 , 21 , 4 , 14 , 20 , 19 , 25 , 17 , 6 , 0 , 3 , 19 , 21 , 29 , 18 , 16 , 27 , 25 , 27 , 22 , 27 , 17 , 28 , 16 , 21 , 11 , 24 , 2 , 29 , 2 , 2 , 2 , 16 , 6 , 9 , 22 , 15 , 14 , 11 , 15 , 15 , 6 , 8 , 20 , 30 , 10 , 13 , 11 , 15 , 10 , 22 , 26 , 18 , 25 , 1 , 30 , 21 , 3 , 8 , 3 , 19 , 22 , 16 , 6 , 8 , 28 , 5 , 16 , 12 , 7 , 0 , 16 , 23 , 25 , 8 , 10 , 20 , 28 , 23 , 20 , 12 , 14 , 22 , 26 , 31 , 13 , 12 , 8 , 7 , 10 , 17 , 31 , 13 , 19 , 23 , 29 , 12 , 19 , 18 , 14 , 11 , 20 , 30 , 5 , 23 , 4 , 8 , 14 , 19 , 29 , 31 , 26 , 18 , 11 , 5 , 9 , 7 , 27 , 12 , 0 , 13 , 13 , 15 , 25 , 11 , 9 , 27 , 23 , 24 , 28 , 12 , 29 , 7 , 7 , 7 , 5 , 1 , 24 , 27 , 27 , 12 , 9 , 3 , 17 , 5 , 26 , 23 , 5 , 21 , 1 , 
Bins: 38 , 48 , 44 , 47 , 38 , 48 , 32 , 44 , 47 , 49 , 19 , 48 , 48 , 46 , 44 , 48 , 47 , 48 , 44 , 46 , 44 , 38 , 38 , 49 , 48 , 48 , 48 , 48 , 38 , 48 , 44 , 44 , 
Cost: 388110
time: 27.488606
nImprovAfterGreedy: 62
nImprovAfterRandom: 62
nMigrate: 99985
nSwap: 84964
n: 200
m: 50
Seed: 49437
