Items: 0 , 9 , 9 , 0 , 14 , 5 , 10 , 17 , 11 , 6 , 9 , 12 , 2 , 0 , 1 , 0 , 15 , 11 , 16 , 15 , 10 , 10 , 2 , 4 , 6 , 7 , 8 , 12 , 7 , 11 , 13 , 6 , 6 , 7 , 3 , 7 , 14 , 9 , 13 , 0 , 15 , 15 , 14 , 8 , 16 , 5 , 11 , 8 , 5 , 6 , 16 , 14 , 13 , 8 , 3 , 7 , 10 , 5 , 6 , 17 , 13 , 7 , 13 , 4 , 10 , 0 , 12 , 17 , 12 , 3 , 16 , 5 , 4 , 7 , 14 , 2 , 17 , 1 , 14 , 1 , 17 , 1 , 0 , 9 , 3 , 12 , 15 , 2 , 4 , 11 , 11 , 9 , 5 , 3 , 10 , 4 , 1 , 2 , 11 , 16 , 
Bins: 9 , 5 , 8 , 8 , 8 , 8 , 8 , 8 , 8 , 8 , 9 , 6 , 8 , 8 , 8 , 8 , 8 , 8 , 
Cost: 115199
time: 9.087352
nImprovAfterGreedy: 34
nImprovAfterRandom: 34
nMigrate: 200934
nSwap: 125636
n: 100
m: 10
Seed: 45001
