Items: 3 , 1 , 9 , 26 , 3 , 4 , 26 , 2 , 17 , 3 , 25 , 27 , 23 , 11 , 21 , 9 , 24 , 14 , 11 , 5 , 2 , 15 , 1 , 16 , 1 , 15 , 5 , 29 , 15 , 17 , 17 , 1 , 16 , 15 , 12 , 11 , 5 , 25 , 2 , 12 , 30 , 29 , 12 , 5 , 6 , 18 , 24 , 0 , 4 , 28 , 11 , 23 , 6 , 6 , 10 , 13 , 13 , 18 , 28 , 7 , 20 , 13 , 23 , 12 , 26 , 15 , 27 , 2 , 19 , 25 , 3 , 5 , 21 , 26 , 23 , 24 , 29 , 19 , 12 , 15 , 21 , 21 , 26 , 25 , 10 , 27 , 22 , 19 , 5 , 14 , 14 , 14 , 4 , 10 , 3 , 15 , 7 , 24 , 25 , 20 , 27 , 7 , 10 , 13 , 16 , 4 , 23 , 29 , 28 , 20 , 17 , 11 , 26 , 11 , 13 , 22 , 11 , 6 , 24 , 8 , 1 , 7 , 17 , 9 , 18 , 20 , 10 , 22 , 17 , 28 , 10 , 19 , 4 , 18 , 30 , 0 , 14 , 21 , 8 , 20 , 18 , 30 , 28 , 7 , 0 , 12 , 4 , 7 , 16 , 19 , 24 , 17 , 2 , 28 , 20 , 0 , 15 , 19 , 7 , 24 , 30 , 27 , 26 , 24 , 2 , 25 , 8 , 22 , 14 , 9 , 21 , 15 , 22 , 22 , 3 , 14 , 17 , 1 , 16 , 7 , 3 , 6 , 8 , 8 , 8 , 6 , 9 , 28 , 17 , 18 , 14 , 29 , 18 , 5 , 6 , 25 , 0 , 13 , 23 , 1 , 
Bins: 48 , 48 , 44 , 44 , 46 , 48 , 49 , 46 , 44 , 38 , 48 , 48 , 44 , 48 , 48 , 46 , 48 , 48 , 48 , 44 , 46 , 42 , 49 , 38 , 48 , 48 , 47 , 48 , 48 , 38 , 44 , 
Cost: 388228
time: 31.329159
nImprovAfterGreedy: 64
nImprovAfterRandom: 64
nMigrate: 136148
nSwap: 112248
n: 200
m: 50
Seed: 31803
