Items: 32 , 3 , 4 , 1 , 0 , 23 , 7 , 26 , 1 , 18 , 16 , 28 , 20 , 5 , 12 , 27 , 0 , 11 , 27 , 11 , 19 , 12 , 19 , 6 , 3 , 6 , 17 , 18 , 6 , 25 , 14 , 4 , 17 , 5 , 30 , 5 , 0 , 19 , 13 , 13 , 34 , 24 , 0 , 33 , 2 , 26 , 22 , 33 , 5 , 8 , 23 , 10 , 9 , 3 , 30 , 15 , 35 , 30 , 16 , 22 , 7 , 5 , 10 , 31 , 7 , 1 , 28 , 26 , 8 , 20 , 3 , 17 , 18 , 1 , 10 , 16 , 20 , 12 , 0 , 12 , 25 , 12 , 1 , 16 , 13 , 25 , 14 , 22 , 0 , 11 , 14 , 29 , 32 , 30 , 9 , 6 , 30 , 24 , 4 , 26 , 25 , 24 , 4 , 35 , 17 , 9 , 10 , 7 , 32 , 10 , 11 , 25 , 1 , 16 , 32 , 14 , 23 , 21 , 15 , 7 , 23 , 21 , 31 , 34 , 32 , 9 , 13 , 28 , 31 , 18 , 31 , 4 , 25 , 21 , 34 , 24 , 29 , 32 , 2 , 26 , 31 , 33 , 8 , 5 , 15 , 16 , 18 , 24 , 27 , 4 , 22 , 30 , 35 , 26 , 22 , 15 , 32 , 23 , 18 , 21 , 34 , 29 , 1 , 6 , 33 , 9 , 7 , 8 , 29 , 8 , 12 , 6 , 14 , 28 , 18 , 19 , 11 , 3 , 27 , 25 , 29 , 23 , 2 , 2 , 2 , 21 , 22 , 18 , 11 , 21 , 24 , 19 , 31 , 17 , 12 , 20 , 15 , 2 , 10 , 5 , 
Bins: 8 , 9 , 8 , 8 , 8 , 9 , 8 , 9 , 8 , 8 , 8 , 7 , 9 , 7 , 8 , 8 , 8 , 8 , 9 , 8 , 8 , 8 , 8 , 8 , 8 , 8 , 8 , 8 , 8 , 8 , 8 , 8 , 9 , 3 , 8 , 3 , 
Cost: 393706
time: 30.259066
nImprovAfterGreedy: 57
nImprovAfterRandom: 57
nMigrate: 181133
nSwap: 94896
n: 200
m: 10
Seed: 40005
