Items: 15 , 11 , 11 , 4 , 15 , 10 , 8 , 4 , 2 , 6 , 2 , 13 , 0 , 3 , 9 , 3 , 5 , 2 , 3 , 8 , 17 , 1 , 15 , 6 , 2 , 7 , 3 , 0 , 7 , 2 , 1 , 5 , 5 , 7 , 14 , 7 , 9 , 17 , 12 , 14 , 5 , 16 , 9 , 12 , 11 , 10 , 5 , 12 , 10 , 1 , 16 , 17 , 12 , 0 , 17 , 7 , 8 , 10 , 2 , 4 , 8 , 7 , 1 , 14 , 8 , 4 , 13 , 11 , 1 , 0 , 4 , 10 , 6 , 7 , 15 , 15 , 0 , 9 , 15 , 2 , 11 , 1 , 4 , 8 , 16 , 9 , 5 , 9 , 6 , 9 , 6 , 11 , 10 , 14 , 16 , 6 , 4 , 13 , 2 , 16 , 
Bins: 11 , 11 , 19 , 11 , 7 , 7 , 11 , 11 , 18 , 18 , 11 , 11 , 8 , 2 , 11 , 11 , 11 , 6 , 
Cost: 113103
time: 8.604696
nImprovAfterGreedy: 34
nImprovAfterRandom: 34
nMigrate: 137472
nSwap: 117810
n: 100
m: 20
Seed: 93678
