Items: 0 , 13 , 9 , 15 , 0 , 11 , 2 , 2 , 2 , 1 , 9 , 19 , 3 , 14 , 4 , 5 , 1 , 9 , 5 , 4 , 7 , 6 , 0 , 1 , 16 , 5 , 4 , 10 , 20 , 6 , 5 , 4 , 24 , 19 , 16 , 17 , 6 , 7 , 5 , 22 , 8 , 12 , 2 , 4 , 12 , 3 , 13 , 11 , 14 , 6 , 21 , 10 , 0 , 18 , 4 , 17 , 17 , 3 , 16 , 15 , 17 , 17 , 10 , 16 , 1 , 14 , 24 , 24 , 22 , 6 , 22 , 4 , 11 , 15 , 10 , 13 , 3 , 13 , 16 , 4 , 13 , 6 , 15 , 9 , 20 , 0 , 9 , 13 , 1 , 9 , 9 , 9 , 3 , 11 , 19 , 1 , 15 , 19 , 13 , 19 , 2 , 18 , 8 , 17 , 24 , 0 , 10 , 10 , 0 , 19 , 9 , 14 , 4 , 11 , 15 , 21 , 17 , 12 , 23 , 7 , 21 , 12 , 22 , 8 , 3 , 15 , 11 , 14 , 16 , 0 , 12 , 22 , 11 , 18 , 8 , 22 , 12 , 3 , 7 , 2 , 3 , 8 , 6 , 17 , 23 , 16 , 11 , 18 , 5 , 13 , 12 , 2 , 19 , 2 , 15 , 23 , 3 , 13 , 18 , 6 , 14 , 22 , 1 , 1 , 9 , 20 , 7 , 24 , 12 , 8 , 6 , 13 , 21 , 14 , 0 , 20 , 18 , 10 , 1 , 17 , 0 , 21 , 7 , 7 , 7 , 2 , 5 , 3 , 18 , 18 , 12 , 20 , 8 , 6 , 12 , 14 , 23 , 9 , 10 , 5 , 
Bins: 19 , 19 , 19 , 19 , 19 , 19 , 19 , 19 , 19 , 19 , 19 , 19 , 19 , 19 , 19 , 19 , 19 , 19 , 19 , 19 , 15 , 17 , 19 , 9 , 15 , 
Cost: 365161
time: 29.080895
nImprovAfterGreedy: 62
nImprovAfterRandom: 62
nMigrate: 199905
nSwap: 123747
n: 200
m: 20
Seed: 61721
