Items: 11 , 4 , 2 , 3 , 1 , 0 , 10 , 4 , 7 , 6 , 2 , 9 , 4 , 8 , 1 , 11 , 6 , 7 , 8 , 3 , 4 , 4 , 4 , 6 , 5 , 3 , 11 , 11 , 3 , 2 , 10 , 6 , 6 , 3 , 5 , 3 , 1 , 2 , 10 , 12 , 5 , 7 , 7 , 1 , 7 , 7 , 2 , 4 , 0 , 7 , 8 , 12 , 10 , 4 , 12 , 3 , 3 , 0 , 5 , 12 , 10 , 3 , 10 , 5 , 11 , 8 , 9 , 11 , 7 , 8 , 8 , 1 , 11 , 3 , 10 , 2 , 11 , 1 , 1 , 2 , 11 , 2 , 3 , 2 , 12 , 1 , 6 , 10 , 6 , 2 , 7 , 7 , 0 , 0 , 8 , 5 , 0 , 9 , 2 , 1 , 
Bins: 40 , 49 , 49 , 49 , 49 , 46 , 46 , 49 , 49 , 0 , 49 , 49 , 37 , 
Cost: 96577
time: 7.435404
nImprovAfterGreedy: 24
nImprovAfterRandom: 24
nMigrate: 122196
nSwap: 128594
n: 100
m: 50
Seed: 31414
