Items: 4 , 13 , 10 , 12 , 13 , 4 , 2 , 13 , 3 , 14 , 11 , 3 , 1 , 2 , 13 , 10 , 1 , 5 , 2 , 15 , 14 , 15 , 5 , 5 , 5 , 15 , 7 , 15 , 15 , 1 , 9 , 14 , 14 , 16 , 8 , 18 , 16 , 14 , 4 , 10 , 1 , 17 , 6 , 7 , 17 , 16 , 3 , 18 , 4 , 17 , 11 , 6 , 18 , 16 , 6 , 18 , 7 , 16 , 12 , 6 , 7 , 8 , 15 , 8 , 1 , 9 , 3 , 18 , 17 , 11 , 11 , 16 , 0 , 12 , 9 , 10 , 0 , 13 , 8 , 12 , 13 , 13 , 12 , 11 , 12 , 3 , 14 , 9 , 17 , 6 , 17 , 17 , 4 , 8 , 0 , 15 , 6 , 4 , 9 , 16 , 
Bins: 0 , 17 , 4 , 13 , 23 , 11 , 37 , 13 , 23 , 23 , 15 , 37 , 23 , 42 , 37 , 37 , 48 , 37 , 37 , 
Cost: 137218
time: 9.950563
nImprovAfterGreedy: 29
nImprovAfterRandom: 29
nMigrate: 150701
nSwap: 139093
n: 100
m: 50
Seed: 44127
