Items: 2 , 17 , 0 , 19 , 2 , 13 , 26 , 5 , 6 , 9 , 7 , 21 , 8 , 34 , 12 , 16 , 29 , 35 , 32 , 13 , 9 , 31 , 9 , 15 , 17 , 16 , 29 , 4 , 16 , 7 , 26 , 29 , 29 , 14 , 32 , 30 , 31 , 27 , 5 , 25 , 18 , 36 , 6 , 27 , 19 , 5 , 1 , 20 , 28 , 21 , 11 , 33 , 0 , 8 , 27 , 30 , 30 , 13 , 7 , 1 , 0 , 30 , 16 , 32 , 34 , 11 , 10 , 4 , 24 , 8 , 24 , 12 , 21 , 3 , 8 , 3 , 34 , 12 , 2 , 27 , 4 , 33 , 6 , 7 , 14 , 12 , 23 , 12 , 26 , 27 , 6 , 22 , 28 , 13 , 21 , 16 , 30 , 4 , 35 , 14 , 11 , 16 , 29 , 7 , 15 , 4 , 8 , 25 , 6 , 21 , 28 , 31 , 3 , 11 , 6 , 23 , 5 , 11 , 27 , 19 , 17 , 3 , 24 , 18 , 4 , 14 , 25 , 23 , 24 , 25 , 20 , 35 , 20 , 9 , 18 , 36 , 22 , 33 , 13 , 14 , 29 , 23 , 15 , 30 , 36 , 7 , 20 , 36 , 34 , 35 , 1 , 25 , 28 , 19 , 17 , 24 , 2 , 1 , 5 , 3 , 18 , 22 , 17 , 16 , 24 , 35 , 19 , 10 , 22 , 1 , 6 , 28 , 26 , 10 , 2 , 20 , 10 , 17 , 32 , 11 , 22 , 2 , 19 , 5 , 34 , 14 , 20 , 25 , 10 , 10 , 36 , 9 , 31 , 23 , 5 , 33 , 36 , 19 , 12 , 26 , 
Bins: 3 , 4 , 15 , 4 , 15 , 15 , 17 , 15 , 15 , 15 , 12 , 15 , 10 , 15 , 16 , 4 , 15 , 15 , 15 , 15 , 15 , 15 , 15 , 15 , 15 , 17 , 12 , 15 , 16 , 15 , 15 , 1 , 12 , 4 , 17 , 12 , 15 , 
Cost: 469734
time: 37.139840
nImprovAfterGreedy: 50
nImprovAfterRandom: 50
nMigrate: 207749
nSwap: 135141
n: 200
m: 20
Seed: 89801
