Items: 18 , 28 , 21 , 4 , 1 , 2 , 24 , 10 , 10 , 11 , 20 , 12 , 7 , 25 , 27 , 18 , 14 , 7 , 0 , 28 , 8 , 8 , 0 , 11 , 28 , 18 , 28 , 22 , 16 , 26 , 18 , 28 , 11 , 7 , 12 , 5 , 14 , 30 , 18 , 17 , 31 , 13 , 10 , 1 , 13 , 10 , 14 , 23 , 2 , 8 , 5 , 30 , 22 , 3 , 30 , 23 , 6 , 3 , 17 , 4 , 6 , 23 , 29 , 32 , 24 , 20 , 25 , 15 , 0 , 5 , 20 , 27 , 2 , 16 , 29 , 14 , 24 , 27 , 1 , 21 , 3 , 6 , 4 , 21 , 16 , 24 , 26 , 27 , 26 , 26 , 26 , 13 , 2 , 12 , 1 , 15 , 4 , 14 , 21 , 27 , 32 , 25 , 31 , 6 , 11 , 22 , 3 , 15 , 10 , 12 , 21 , 5 , 22 , 17 , 23 , 26 , 5 , 8 , 7 , 9 , 28 , 8 , 19 , 31 , 7 , 22 , 17 , 25 , 19 , 17 , 19 , 27 , 3 , 8 , 31 , 13 , 7 , 0 , 17 , 15 , 10 , 1 , 29 , 9 , 19 , 23 , 2 , 9 , 24 , 21 , 14 , 12 , 29 , 10 , 4 , 19 , 7 , 4 , 9 , 14 , 20 , 25 , 4 , 14 , 0 , 16 , 30 , 11 , 13 , 22 , 5 , 21 , 26 , 25 , 1 , 16 , 3 , 28 , 0 , 20 , 26 , 30 , 9 , 9 , 24 , 15 , 18 , 18 , 3 , 3 , 13 , 16 , 31 , 5 , 9 , 20 , 19 , 0 , 29 , 18 , 
Bins: 48 , 44 , 19 , 48 , 19 , 48 , 10 , 21 , 26 , 26 , 27 , 27 , 27 , 27 , 48 , 19 , 27 , 44 , 48 , 27 , 26 , 26 , 44 , 27 , 46 , 48 , 48 , 44 , 48 , 24 , 27 , 27 , 0 , 
Cost: 415389
time: 31.577937
nImprovAfterGreedy: 76
nImprovAfterRandom: 76
nMigrate: 134862
nSwap: 110265
n: 200
m: 50
Seed: 93208
