Items: 15 , 14 , 13 , 3 , 23 , 9 , 12 , 22 , 12 , 16 , 7 , 26 , 24 , 29 , 17 , 19 , 19 , 1 , 27 , 17 , 20 , 21 , 27 , 0 , 10 , 21 , 17 , 1 , 21 , 6 , 25 , 17 , 0 , 31 , 8 , 29 , 23 , 6 , 22 , 15 , 5 , 18 , 23 , 5 , 18 , 25 , 2 , 27 , 9 , 21 , 29 , 24 , 27 , 14 , 13 , 4 , 31 , 9 , 7 , 2 , 15 , 29 , 24 , 7 , 30 , 30 , 20 , 31 , 22 , 5 , 27 , 17 , 11 , 30 , 24 , 23 , 19 , 14 , 23 , 5 , 4 , 13 , 3 , 7 , 28 , 26 , 28 , 14 , 12 , 6 , 12 , 25 , 9 , 8 , 26 , 12 , 13 , 10 , 2 , 11 , 6 , 23 , 16 , 31 , 16 , 9 , 24 , 15 , 30 , 26 , 1 , 29 , 3 , 8 , 3 , 11 , 22 , 20 , 4 , 30 , 10 , 8 , 1 , 2 , 3 , 3 , 8 , 18 , 1 , 21 , 1 , 0 , 6 , 20 , 18 , 10 , 13 , 3 , 6 , 11 , 25 , 18 , 13 , 29 , 4 , 7 , 9 , 21 , 28 , 14 , 17 , 19 , 26 , 12 , 2 , 4 , 12 , 14 , 22 , 23 , 16 , 0 , 10 , 12 , 22 , 29 , 30 , 20 , 25 , 2 , 21 , 21 , 12 , 19 , 15 , 28 , 1 , 10 , 22 , 13 , 0 , 23 , 15 , 22 , 6 , 8 , 1 , 19 , 1 , 20 , 19 , 28 , 6 , 17 , 8 , 16 , 4 , 22 , 24 , 26 , 
Bins: 44 , 49 , 38 , 47 , 38 , 18 , 48 , 27 , 44 , 46 , 38 , 27 , 48 , 46 , 44 , 47 , 16 , 48 , 38 , 48 , 48 , 46 , 48 , 48 , 38 , 27 , 44 , 48 , 38 , 48 , 44 , 13 , 
Cost: 416673
time: 33.155911
nImprovAfterGreedy: 60
nImprovAfterRandom: 60
nMigrate: 141920
nSwap: 123417
n: 200
m: 50
Seed: 2141
