Items: 6 , 5 , 1 , 4 , 2 , 0 , 0 , 15 , 1 , 5 , 1 , 7 , 15 , 6 , 2 , 6 , 13 , 12 , 6 , 8 , 10 , 5 , 6 , 5 , 14 , 5 , 8 , 4 , 5 , 1 , 11 , 8 , 12 , 5 , 14 , 4 , 2 , 10 , 0 , 9 , 8 , 13 , 14 , 8 , 13 , 15 , 1 , 10 , 0 , 12 , 13 , 10 , 11 , 9 , 3 , 4 , 4 , 0 , 14 , 3 , 11 , 4 , 11 , 14 , 13 , 9 , 12 , 10 , 12 , 13 , 7 , 8 , 6 , 4 , 11 , 9 , 15 , 2 , 14 , 8 , 2 , 10 , 4 , 1 , 9 , 2 , 12 , 2 , 5 , 1 , 1 , 1 , 0 , 3 , 7 , 5 , 3 , 7 , 1 , 7 , 
Bins: 9 , 9 , 9 , 2 , 9 , 9 , 9 , 8 , 8 , 9 , 8 , 8 , 8 , 8 , 9 , 1 , 
Cost: 99676
time: 7.543787
nImprovAfterGreedy: 28
nImprovAfterRandom: 28
nMigrate: 160426
nSwap: 107214
n: 100
m: 10
Seed: 36938
