Items: 24 , 1 , 8 , 2 , 11 , 29 , 20 , 31 , 10 , 17 , 7 , 3 , 24 , 26 , 0 , 32 , 9 , 7 , 26 , 15 , 27 , 22 , 27 , 12 , 7 , 22 , 4 , 24 , 22 , 10 , 30 , 17 , 17 , 5 , 11 , 26 , 10 , 27 , 31 , 2 , 19 , 19 , 10 , 22 , 18 , 15 , 16 , 4 , 29 , 6 , 26 , 0 , 6 , 15 , 22 , 13 , 5 , 15 , 7 , 12 , 30 , 25 , 4 , 28 , 20 , 2 , 16 , 5 , 31 , 32 , 21 , 15 , 4 , 2 , 11 , 9 , 32 , 1 , 11 , 22 , 0 , 0 , 2 , 14 , 18 , 14 , 31 , 1 , 9 , 7 , 30 , 23 , 29 , 17 , 21 , 28 , 29 , 9 , 1 , 12 , 20 , 4 , 17 , 5 , 10 , 24 , 24 , 30 , 24 , 21 , 14 , 26 , 6 , 26 , 29 , 14 , 26 , 2 , 13 , 27 , 14 , 18 , 20 , 31 , 13 , 12 , 2 , 8 , 28 , 22 , 28 , 1 , 14 , 16 , 19 , 14 , 18 , 0 , 23 , 25 , 15 , 19 , 11 , 25 , 3 , 18 , 4 , 13 , 28 , 1 , 9 , 20 , 21 , 20 , 7 , 3 , 13 , 8 , 13 , 10 , 23 , 15 , 8 , 9 , 31 , 3 , 27 , 16 , 23 , 6 , 0 , 22 , 30 , 16 , 9 , 23 , 16 , 7 , 28 , 21 , 25 , 10 , 13 , 13 , 20 , 18 , 7 , 9 , 16 , 16 , 4 , 25 , 10 , 31 , 18 , 17 , 3 , 31 , 0 , 8 , 
Bins: 44 , 44 , 46 , 27 , 48 , 10 , 20 , 49 , 10 , 48 , 48 , 24 , 11 , 26 , 26 , 48 , 48 , 27 , 19 , 19 , 48 , 24 , 26 , 14 , 27 , 27 , 48 , 27 , 27 , 19 , 27 , 48 , 3 , 
Cost: 415337
time: 33.553873
nImprovAfterGreedy: 73
nImprovAfterRandom: 73
nMigrate: 144818
nSwap: 125151
n: 200
m: 50
Seed: 41340
