Items: 3 , 11 , 17 , 8 , 3 , 2 , 6 , 5 , 6 , 9 , 17 , 16 , 2 , 14 , 0 , 14 , 9 , 1 , 14 , 1 , 20 , 4 , 3 , 21 , 11 , 6 , 0 , 3 , 21 , 13 , 6 , 9 , 14 , 16 , 11 , 8 , 0 , 20 , 17 , 10 , 22 , 18 , 13 , 0 , 18 , 5 , 12 , 24 , 2 , 4 , 8 , 19 , 6 , 10 , 12 , 13 , 13 , 5 , 19 , 19 , 6 , 13 , 2 , 22 , 9 , 8 , 16 , 23 , 4 , 0 , 24 , 0 , 12 , 8 , 20 , 3 , 5 , 0 , 3 , 0 , 23 , 4 , 8 , 17 , 10 , 16 , 21 , 15 , 9 , 20 , 17 , 17 , 2 , 12 , 21 , 9 , 5 , 11 , 15 , 10 , 16 , 7 , 9 , 13 , 14 , 2 , 10 , 12 , 8 , 10 , 6 , 8 , 3 , 12 , 17 , 23 , 8 , 7 , 18 , 8 , 11 , 7 , 1 , 15 , 19 , 21 , 12 , 16 , 1 , 1 , 19 , 15 , 12 , 7 , 22 , 24 , 18 , 5 , 20 , 24 , 5 , 17 , 4 , 13 , 1 , 3 , 12 , 6 , 14 , 15 , 9 , 12 , 10 , 4 , 1 , 24 , 5 , 15 , 5 , 7 , 22 , 11 , 9 , 9 , 17 , 21 , 20 , 21 , 18 , 15 , 7 , 7 , 21 , 16 , 3 , 23 , 6 , 11 , 14 , 1 , 18 , 4 , 20 , 20 , 20 , 11 , 19 , 5 , 6 , 7 , 7 , 23 , 5 , 0 , 4 , 15 , 1 , 4 , 16 , 16 , 
Bins: 19 , 19 , 8 , 19 , 19 , 19 , 19 , 19 , 19 , 19 , 19 , 19 , 19 , 11 , 19 , 19 , 19 , 19 , 11 , 11 , 19 , 19 , 2 , 11 , 8 , 
Cost: 389129
time: 32.930729
nImprovAfterGreedy: 52
nImprovAfterRandom: 52
nMigrate: 226924
nSwap: 154796
n: 200
m: 20
Seed: 26373
