Items: 9 , 2 , 0 , 4 , 1 , 10 , 10 , 2 , 4 , 6 , 0 , 5 , 8 , 12 , 1 , 5 , 6 , 8 , 12 , 10 , 2 , 2 , 2 , 6 , 7 , 4 , 9 , 5 , 4 , 0 , 9 , 6 , 6 , 4 , 12 , 4 , 1 , 0 , 9 , 7 , 8 , 3 , 4 , 1 , 3 , 10 , 0 , 2 , 10 , 3 , 12 , 4 , 9 , 7 , 11 , 4 , 6 , 10 , 7 , 11 , 9 , 4 , 9 , 7 , 6 , 12 , 12 , 2 , 3 , 8 , 12 , 1 , 5 , 4 , 9 , 0 , 5 , 1 , 1 , 0 , 2 , 0 , 4 , 0 , 7 , 1 , 11 , 2 , 6 , 0 , 9 , 3 , 10 , 3 , 5 , 10 , 11 , 5 , 0 , 1 , 
Bins: 19 , 19 , 19 , 15 , 19 , 19 , 19 , 19 , 8 , 19 , 19 , 2 , 19 , 
Cost: 97127
time: 14.220173
nImprovAfterGreedy: 25
nImprovAfterRandom: 25
nMigrate: 221516
nSwap: 159331
n: 100
m: 20
Seed: 97713
