Items: 9 , 13 , 9 , 9 , 17 , 12 , 4 , 11 , 8 , 4 , 4 , 15 , 7 , 9 , 8 , 16 , 11 , 8 , 7 , 3 , 5 , 13 , 7 , 6 , 10 , 0 , 16 , 2 , 0 , 8 , 13 , 11 , 11 , 0 , 5 , 0 , 17 , 5 , 14 , 9 , 10 , 16 , 14 , 14 , 16 , 12 , 8 , 14 , 12 , 13 , 1 , 5 , 7 , 10 , 14 , 0 , 4 , 12 , 10 , 3 , 4 , 0 , 13 , 17 , 4 , 9 , 15 , 2 , 15 , 1 , 1 , 12 , 16 , 0 , 17 , 10 , 2 , 8 , 17 , 8 , 2 , 3 , 9 , 4 , 16 , 15 , 3 , 7 , 6 , 3 , 6 , 13 , 12 , 5 , 1 , 6 , 3 , 1 , 8 , 6 , 
Bins: 8 , 8 , 3 , 8 , 9 , 8 , 8 , 8 , 9 , 9 , 8 , 0 , 8 , 8 , 3 , 8 , 8 , 8 , 
Cost: 139456
time: 10.424845
nImprovAfterGreedy: 27
nImprovAfterRandom: 27
nMigrate: 255666
nSwap: 163548
n: 100
m: 10
Seed: 61843
