Items: 4 , 21 , 0 , 9 , 30 , 18 , 1 , 23 , 1 , 17 , 16 , 28 , 35 , 2 , 3 , 24 , 12 , 19 , 27 , 2 , 7 , 3 , 21 , 10 , 32 , 28 , 17 , 16 , 10 , 14 , 24 , 17 , 17 , 28 , 6 , 31 , 3 , 7 , 0 , 0 , 25 , 11 , 12 , 34 , 11 , 12 , 4 , 19 , 0 , 6 , 5 , 7 , 13 , 21 , 7 , 31 , 31 , 12 , 20 , 29 , 1 , 31 , 15 , 27 , 10 , 9 , 18 , 33 , 8 , 34 , 29 , 12 , 11 , 9 , 15 , 16 , 23 , 3 , 4 , 3 , 16 , 14 , 9 , 0 , 18 , 14 , 30 , 21 , 34 , 14 , 24 , 33 , 35 , 6 , 13 , 10 , 29 , 32 , 19 , 26 , 14 , 29 , 17 , 31 , 28 , 13 , 15 , 11 , 4 , 1 , 24 , 5 , 9 , 5 , 0 , 30 , 5 , 9 , 20 , 22 , 32 , 9 , 6 , 25 , 35 , 13 , 0 , 11 , 6 , 17 , 14 , 30 , 14 , 35 , 25 , 32 , 11 , 23 , 22 , 26 , 12 , 1 , 4 , 29 , 20 , 16 , 19 , 8 , 27 , 21 , 4 , 6 , 15 , 26 , 12 , 20 , 10 , 8 , 8 , 18 , 25 , 2 , 23 , 10 , 34 , 13 , 22 , 34 , 33 , 5 , 3 , 16 , 24 , 28 , 4 , 33 , 8 , 32 , 27 , 29 , 30 , 7 , 22 , 22 , 10 , 32 , 26 , 23 , 24 , 35 , 19 , 18 , 1 , 3 , 8 , 2 , 20 , 23 , 15 , 26 , 
Bins: 9 , 9 , 7 , 9 , 9 , 8 , 8 , 8 , 9 , 9 , 9 , 8 , 8 , 8 , 8 , 8 , 8 , 8 , 8 , 9 , 8 , 8 , 8 , 8 , 8 , 8 , 8 , 8 , 8 , 8 , 8 , 8 , 8 , 6 , 8 , 8 , 
Cost: 393532
time: 28.311517
nImprovAfterGreedy: 57
nImprovAfterRandom: 57
nMigrate: 159232
nSwap: 82698
n: 200
m: 10
Seed: 59489
