Items: 10 , 2 , 15 , 19 , 18 , 16 , 16 , 15 , 0 , 8 , 15 , 10 , 17 , 13 , 4 , 13 , 8 , 17 , 13 , 4 , 7 , 20 , 2 , 22 , 2 , 13 , 4 , 20 , 22 , 17 , 13 , 8 , 5 , 12 , 3 , 3 , 21 , 7 , 0 , 3 , 6 , 17 , 21 , 4 , 11 , 16 , 9 , 20 , 23 , 5 , 24 , 21 , 23 , 11 , 3 , 0 , 12 , 16 , 21 , 24 , 12 , 12 , 19 , 21 , 8 , 19 , 16 , 20 , 9 , 6 , 6 , 4 , 12 , 19 , 10 , 9 , 7 , 14 , 21 , 4 , 20 , 4 , 19 , 15 , 22 , 18 , 18 , 9 , 8 , 15 , 15 , 15 , 16 , 3 , 18 , 8 , 24 , 2 , 9 , 14 , 10 , 23 , 8 , 12 , 5 , 20 , 20 , 14 , 16 , 12 , 15 , 23 , 19 , 24 , 19 , 18 , 6 , 11 , 17 , 7 , 2 , 11 , 1 , 9 , 0 , 14 , 3 , 4 , 1 , 3 , 20 , 18 , 20 , 11 , 6 , 2 , 17 , 16 , 10 , 14 , 16 , 15 , 5 , 3 , 1 , 21 , 20 , 0 , 13 , 9 , 8 , 3 , 12 , 3 , 1 , 1 , 0 , 9 , 0 , 11 , 23 , 23 , 8 , 8 , 15 , 22 , 7 , 0 , 17 , 24 , 6 , 9 , 18 , 23 , 19 , 22 , 17 , 2 , 19 , 12 , 18 , 11 , 7 , 7 , 7 , 11 , 13 , 7 , 17 , 0 , 17 , 22 , 0 , 4 , 0 , 23 , 1 , 15 , 10 , 13 , 
Bins: 49 , 37 , 48 , 49 , 49 , 12 , 37 , 49 , 49 , 49 , 46 , 49 , 49 , 49 , 33 , 49 , 49 , 49 , 49 , 49 , 49 , 48 , 46 , 49 , 37 , 
Cost: 381891
time: 27.451807
nImprovAfterGreedy: 52
nImprovAfterRandom: 52
nMigrate: 146630
nSwap: 105692
n: 200
m: 50
Seed: 93852
