Items: 6 , 3 , 2 , 1 , 0 , 4 , 5 , 5 , 1 , 1 , 2 , 10 , 8 , 6 , 3 , 6 , 0 , 8 , 6 , 4 , 5 , 8 , 3 , 0 , 9 , 1 , 6 , 8 , 1 , 2 , 7 , 6 , 6 , 4 , 12 , 1 , 0 , 2 , 7 , 9 , 11 , 12 , 0 , 4 , 12 , 4 , 6 , 5 , 4 , 12 , 5 , 8 , 7 , 9 , 11 , 1 , 8 , 4 , 9 , 11 , 7 , 8 , 7 , 9 , 0 , 1 , 2 , 5 , 7 , 8 , 10 , 4 , 6 , 1 , 7 , 0 , 5 , 3 , 0 , 2 , 3 , 3 , 1 , 2 , 9 , 7 , 11 , 3 , 0 , 2 , 2 , 2 , 4 , 12 , 10 , 1 , 3 , 10 , 2 , 10 , 
Bins: 19 , 19 , 19 , 19 , 19 , 19 , 19 , 19 , 19 , 19 , 15 , 2 , 2 , 
Cost: 97260
time: 8.196817
nImprovAfterGreedy: 24
nImprovAfterRandom: 24
nMigrate: 213193
nSwap: 150422
n: 100
m: 20
Seed: 9511
