Items: 20 , 18 , 28 , 22 , 21 , 3 , 30 , 22 , 22 , 10 , 12 , 16 , 14 , 26 , 6 , 28 , 21 , 13 , 0 , 26 , 23 , 18 , 23 , 34 , 13 , 11 , 10 , 18 , 29 , 1 , 27 , 10 , 8 , 18 , 9 , 22 , 21 , 23 , 31 , 13 , 31 , 19 , 21 , 17 , 19 , 5 , 16 , 10 , 13 , 2 , 7 , 14 , 9 , 11 , 25 , 4 , 18 , 5 , 12 , 25 , 30 , 32 , 14 , 15 , 11 , 22 , 24 , 9 , 2 , 1 , 16 , 5 , 27 , 11 , 14 , 12 , 3 , 6 , 21 , 1 , 4 , 25 , 22 , 12 , 34 , 33 , 8 , 6 , 21 , 25 , 30 , 27 , 20 , 1 , 16 , 0 , 7 , 29 , 1 , 32 , 15 , 29 , 10 , 32 , 31 , 18 , 14 , 33 , 22 , 32 , 30 , 7 , 9 , 12 , 20 , 8 , 7 , 18 , 4 , 33 , 16 , 18 , 15 , 28 , 20 , 24 , 22 , 8 , 15 , 33 , 25 , 17 , 25 , 24 , 19 , 19 , 27 , 20 , 0 , 32 , 5 , 30 , 2 , 13 , 4 , 12 , 33 , 19 , 0 , 17 , 29 , 33 , 3 , 9 , 5 , 4 , 20 , 2 , 6 , 3 , 15 , 26 , 10 , 29 , 28 , 16 , 23 , 24 , 27 , 7 , 6 , 29 , 1 , 8 , 20 , 29 , 30 , 13 , 0 , 15 , 17 , 2 , 5 , 5 , 11 , 11 , 28 , 6 , 30 , 24 , 33 , 23 , 31 , 6 , 19 , 26 , 4 , 25 , 14 , 31 , 
Bins: 8 , 8 , 8 , 3 , 8 , 8 , 9 , 8 , 8 , 8 , 8 , 8 , 8 , 9 , 8 , 8 , 8 , 3 , 9 , 8 , 9 , 8 , 9 , 8 , 8 , 8 , 6 , 8 , 8 , 8 , 9 , 3 , 8 , 9 , 0 , 
Cost: 468158
time: 38.460994
nImprovAfterGreedy: 61
nImprovAfterRandom: 61
nMigrate: 261513
nSwap: 146168
n: 200
m: 10
Seed: 95091
