Items: 8 , 18 , 5 , 15 , 20 , 19 , 23 , 5 , 1 , 4 , 5 , 6 , 0 , 10 , 4 , 10 , 4 , 13 , 10 , 14 , 23 , 8 , 18 , 16 , 18 , 8 , 12 , 21 , 8 , 1 , 10 , 4 , 11 , 8 , 2 , 2 , 3 , 23 , 5 , 6 , 22 , 13 , 3 , 12 , 0 , 8 , 11 , 12 , 19 , 11 , 21 , 3 , 20 , 9 , 2 , 14 , 3 , 8 , 11 , 16 , 12 , 3 , 9 , 22 , 23 , 1 , 7 , 17 , 20 , 17 , 6 , 4 , 22 , 15 , 9 , 15 , 17 , 16 , 3 , 1 , 15 , 7 , 15 , 5 , 21 , 20 , 0 , 9 , 12 , 14 , 5 , 5 , 19 , 2 , 6 , 8 , 15 , 18 , 1 , 6 , 20 , 7 , 4 , 3 , 4 , 20 , 9 , 13 , 23 , 6 , 5 , 1 , 15 , 11 , 15 , 0 , 2 , 19 , 13 , 2 , 18 , 19 , 22 , 1 , 0 , 16 , 2 , 7 , 14 , 20 , 12 , 0 , 12 , 19 , 22 , 18 , 13 , 17 , 11 , 23 , 8 , 5 , 11 , 3 , 14 , 15 , 12 , 14 , 10 , 9 , 4 , 2 , 6 , 23 , 14 , 12 , 8 , 9 , 14 , 19 , 22 , 7 , 4 , 8 , 5 , 21 , 23 , 16 , 13 , 16 , 7 , 1 , 16 , 7 , 8 , 21 , 14 , 18 , 10 , 14 , 0 , 20 , 17 , 17 , 17 , 2 , 10 , 17 , 14 , 19 , 13 , 21 , 8 , 7 , 2 , 17 , 13 , 5 , 9 , 23 , 
Bins: 49 , 49 , 49 , 48 , 49 , 49 , 49 , 49 , 49 , 49 , 49 , 48 , 49 , 49 , 49 , 49 , 49 , 49 , 48 , 49 , 49 , 48 , 48 , 49 , 
Cost: 365343
time: 31.129696
nImprovAfterGreedy: 43
nImprovAfterRandom: 43
nMigrate: 163895
nSwap: 143249
n: 200
m: 50
Seed: 22191
