Items: 21 , 12 , 29 , 9 , 28 , 3 , 8 , 18 , 9 , 25 , 30 , 31 , 15 , 19 , 4 , 16 , 2 , 9 , 34 , 7 , 7 , 13 , 15 , 2 , 12 , 25 , 23 , 5 , 25 , 9 , 13 , 14 , 2 , 12 , 12 , 14 , 4 , 28 , 21 , 1 , 23 , 0 , 4 , 28 , 0 , 3 , 30 , 17 , 19 , 11 , 18 , 32 , 19 , 3 , 33 , 5 , 5 , 3 , 23 , 33 , 13 , 5 , 20 , 34 , 8 , 9 , 32 , 22 , 11 , 23 , 17 , 3 , 17 , 8 , 20 , 24 , 1 , 4 , 28 , 9 , 22 , 6 , 9 , 6 , 1 , 4 , 22 , 4 , 25 , 4 , 15 , 26 , 15 , 16 , 31 , 25 , 29 , 24 , 10 , 7 , 27 , 24 , 16 , 5 , 2 , 19 , 20 , 1 , 33 , 31 , 15 , 28 , 9 , 18 , 29 , 22 , 18 , 8 , 28 , 18 , 30 , 8 , 7 , 10 , 27 , 6 , 13 , 6 , 7 , 13 , 33 , 14 , 30 , 27 , 34 , 30 , 26 , 32 , 30 , 27 , 3 , 16 , 11 , 12 , 0 , 31 , 17 , 31 , 8 , 14 , 33 , 13 , 20 , 14 , 7 , 32 , 21 , 11 , 21 , 24 , 34 , 26 , 25 , 25 , 29 , 6 , 18 , 17 , 26 , 10 , 24 , 24 , 6 , 19 , 21 , 22 , 13 , 12 , 2 , 8 , 26 , 11 , 0 , 21 , 0 , 25 , 33 , 21 , 13 , 27 , 16 , 0 , 30 , 23 , 21 , 10 , 29 , 5 , 20 , 14 , 
Bins: 6 , 6 , 6 , 6 , 9 , 6 , 6 , 6 , 9 , 9 , 6 , 6 , 9 , 9 , 6 , 6 , 6 , 6 , 6 , 6 , 6 , 9 , 6 , 6 , 6 , 6 , 6 , 6 , 6 , 6 , 6 , 6 , 3 , 6 , 6 , 
Cost: 418179
time: 37.154024
nImprovAfterGreedy: 48
nImprovAfterRandom: 48
nMigrate: 215363
nSwap: 140197
n: 200
m: 10
Seed: 91919
