Items: 8 , 16 , 12 , 4 , 8 , 2 , 15 , 15 , 6 , 13 , 6 , 2 , 16 , 11 , 15 , 11 , 3 , 6 , 11 , 11 , 13 , 13 , 16 , 3 , 6 , 11 , 1 , 10 , 4 , 6 , 11 , 5 , 5 , 7 , 5 , 5 , 8 , 14 , 13 , 8 , 3 , 16 , 15 , 1 , 16 , 7 , 5 , 13 , 2 , 12 , 0 , 10 , 15 , 7 , 14 , 5 , 1 , 7 , 6 , 14 , 1 , 10 , 13 , 9 , 3 , 4 , 9 , 12 , 12 , 0 , 0 , 7 , 10 , 4 , 0 , 8 , 10 , 15 , 8 , 6 , 8 , 14 , 4 , 12 , 4 , 15 , 3 , 2 , 7 , 14 , 7 , 12 , 16 , 5 , 0 , 9 , 14 , 2 , 6 , 7 , 
Bins: 27 , 10 , 19 , 26 , 26 , 27 , 49 , 48 , 48 , 3 , 27 , 48 , 26 , 27 , 27 , 46 , 27 , 
Cost: 113001
time: 8.736097
nImprovAfterGreedy: 26
nImprovAfterRandom: 26
nMigrate: 118401
nSwap: 123243
n: 100
m: 50
Seed: 2445
