Items: 2 , 20 , 5 , 35 , 30 , 19 , 3 , 7 , 29 , 32 , 9 , 11 , 16 , 4 , 4 , 12 , 22 , 0 , 4 , 26 , 31 , 1 , 36 , 18 , 20 , 15 , 24 , 1 , 15 , 5 , 21 , 5 , 14 , 17 , 20 , 34 , 25 , 31 , 7 , 2 , 32 , 31 , 7 , 36 , 31 , 21 , 13 , 36 , 19 , 28 , 11 , 37 , 29 , 16 , 37 , 32 , 17 , 18 , 9 , 13 , 3 , 26 , 19 , 12 , 24 , 33 , 8 , 17 , 18 , 16 , 2 , 22 , 6 , 1 , 16 , 23 , 24 , 23 , 30 , 5 , 23 , 19 , 15 , 9 , 1 , 29 , 26 , 25 , 22 , 25 , 21 , 21 , 19 , 35 , 10 , 15 , 28 , 10 , 13 , 9 , 11 , 15 , 5 , 17 , 15 , 29 , 16 , 34 , 8 , 3 , 29 , 4 , 33 , 30 , 8 , 26 , 30 , 31 , 33 , 34 , 26 , 28 , 20 , 13 , 6 , 14 , 35 , 31 , 20 , 30 , 35 , 9 , 27 , 10 , 32 , 2 , 21 , 8 , 27 , 6 , 9 , 3 , 18 , 34 , 20 , 23 , 6 , 10 , 0 , 5 , 22 , 34 , 7 , 27 , 13 , 12 , 6 , 37 , 7 , 5 , 32 , 25 , 22 , 22 , 7 , 12 , 35 , 14 , 21 , 13 , 28 , 10 , 14 , 14 , 2 , 1 , 14 , 2 , 12 , 15 , 36 , 30 , 27 , 27 , 27 , 7 , 0 , 6 , 14 , 14 , 0 , 1 , 3 , 28 , 7 , 24 , 33 , 27 , 37 , 37 , 
Bins: 4 , 23 , 42 , 38 , 11 , 37 , 38 , 42 , 15 , 23 , 37 , 7 , 37 , 37 , 49 , 37 , 37 , 13 , 11 , 17 , 32 , 37 , 32 , 14 , 13 , 11 , 37 , 37 , 17 , 13 , 23 , 37 , 17 , 5 , 19 , 13 , 14 , 13 , 
Cost: 465658
time: 40.172896
nImprovAfterGreedy: 57
nImprovAfterRandom: 57
nMigrate: 149981
nSwap: 150834
n: 200
m: 50
Seed: 47951
