Items: 11 , 9 , 3 , 10 , 5 , 11 , 3 , 9 , 10 , 4 , 12 , 14 , 13 , 4 , 9 , 10 , 5 , 13 , 15 , 1 , 2 , 6 , 13 , 7 , 12 , 10 , 1 , 6 , 7 , 13 , 15 , 9 , 4 , 6 , 4 , 4 , 5 , 2 , 3 , 11 , 1 , 8 , 5 , 1 , 8 , 0 , 5 , 6 , 11 , 8 , 15 , 2 , 3 , 0 , 2 , 4 , 3 , 6 , 12 , 7 , 3 , 1 , 10 , 12 , 0 , 10 , 8 , 3 , 8 , 13 , 14 , 1 , 6 , 10 , 15 , 5 , 0 , 9 , 5 , 2 , 9 , 2 , 10 , 12 , 0 , 9 , 13 , 9 , 6 , 2 , 8 , 8 , 11 , 4 , 14 , 6 , 7 , 14 , 12 , 14 , 
Bins: 6 , 6 , 6 , 9 , 9 , 6 , 9 , 5 , 6 , 9 , 6 , 5 , 9 , 6 , 6 , 6 , 
Cost: 102053
time: 8.045788
nImprovAfterGreedy: 26
nImprovAfterRandom: 26
nMigrate: 199190
nSwap: 120392
n: 100
m: 10
Seed: 1786
