Items: 5 , 4 , 0 , 6 , 3 , 7 , 9 , 4 , 8 , 2 , 0 , 1 , 2 , 7 , 3 , 7 , 9 , 8 , 7 , 7 , 4 , 2 , 4 , 9 , 10 , 6 , 5 , 2 , 6 , 0 , 5 , 9 , 9 , 4 , 11 , 6 , 3 , 0 , 5 , 10 , 11 , 8 , 4 , 3 , 8 , 6 , 8 , 2 , 7 , 8 , 7 , 12 , 5 , 10 , 12 , 6 , 2 , 2 , 10 , 12 , 5 , 6 , 5 , 10 , 9 , 6 , 1 , 4 , 8 , 11 , 1 , 3 , 2 , 6 , 5 , 4 , 11 , 3 , 3 , 0 , 4 , 0 , 6 , 0 , 10 , 3 , 0 , 4 , 9 , 0 , 8 , 8 , 8 , 11 , 1 , 2 , 12 , 1 , 0 , 3 , 
Bins: 19 , 15 , 19 , 19 , 19 , 19 , 19 , 19 , 19 , 19 , 19 , 15 , 4 , 
Cost: 88315
time: 7.887573
nImprovAfterGreedy: 21
nImprovAfterRandom: 21
nMigrate: 208227
nSwap: 141597
n: 100
m: 20
Seed: 30384
