Items: 3 , 4 , 0 , 6 , 2 , 11 , 8 , 4 , 6 , 5 , 0 , 9 , 12 , 3 , 2 , 3 , 5 , 12 , 3 , 3 , 1 , 6 , 12 , 5 , 7 , 6 , 3 , 12 , 6 , 0 , 8 , 5 , 5 , 6 , 10 , 6 , 2 , 0 , 8 , 7 , 3 , 10 , 6 , 2 , 10 , 4 , 0 , 11 , 11 , 4 , 11 , 1 , 8 , 7 , 1 , 6 , 6 , 11 , 7 , 1 , 8 , 12 , 8 , 7 , 0 , 10 , 10 , 4 , 10 , 12 , 9 , 2 , 3 , 6 , 8 , 0 , 9 , 2 , 2 , 0 , 4 , 1 , 6 , 0 , 7 , 2 , 5 , 8 , 5 , 0 , 4 , 4 , 11 , 10 , 9 , 6 , 1 , 9 , 0 , 2 , 
Bins: 49 , 14 , 49 , 49 , 40 , 36 , 49 , 49 , 49 , 27 , 36 , 36 , 36 , 
Cost: 99417
time: 6.989280
nImprovAfterGreedy: 25
nImprovAfterRandom: 25
nMigrate: 115878
nSwap: 112404
n: 100
m: 50
Seed: 37813
