Items: 8 , 1 , 0 , 2 , 5 , 14 , 6 , 2 , 6 , 9 , 0 , 5 , 15 , 4 , 12 , 8 , 10 , 1 , 4 , 7 , 9 , 9 , 1 , 9 , 1 , 6 , 1 , 8 , 9 , 0 , 13 , 1 , 7 , 14 , 7 , 15 , 6 , 0 , 13 , 16 , 10 , 10 , 6 , 3 , 10 , 7 , 0 , 1 , 14 , 11 , 4 , 6 , 13 , 16 , 3 , 15 , 8 , 7 , 0 , 2 , 13 , 15 , 13 , 16 , 10 , 2 , 11 , 12 , 11 , 15 , 2 , 7 , 8 , 12 , 5 , 16 , 15 , 12 , 6 , 3 , 12 , 12 , 2 , 11 , 14 , 5 , 10 , 14 , 6 , 0 , 0 , 11 , 3 , 7 , 5 , 9 , 2 , 14 , 0 , 4 , 
Bins: 48 , 48 , 19 , 11 , 27 , 24 , 48 , 48 , 27 , 26 , 19 , 19 , 44 , 27 , 19 , 27 , 27 , 
Cost: 112989
time: 8.145686
nImprovAfterGreedy: 30
nImprovAfterRandom: 30
nMigrate: 107478
nSwap: 109974
n: 100
m: 50
Seed: 89009
