Items: 6 , 31 , 22 , 14 , 2 , 16 , 11 , 6 , 11 , 4 , 13 , 23 , 30 , 10 , 2 , 26 , 28 , 9 , 20 , 3 , 32 , 7 , 32 , 28 , 0 , 26 , 15 , 7 , 29 , 13 , 20 , 22 , 17 , 16 , 23 , 23 , 2 , 32 , 6 , 1 , 12 , 19 , 11 , 2 , 25 , 3 , 1 , 7 , 19 , 18 , 17 , 8 , 25 , 25 , 1 , 13 , 24 , 5 , 13 , 14 , 7 , 24 , 8 , 27 , 10 , 19 , 33 , 24 , 25 , 30 , 0 , 15 , 7 , 33 , 8 , 21 , 30 , 31 , 2 , 33 , 21 , 31 , 13 , 13 , 16 , 10 , 20 , 14 , 19 , 13 , 9 , 18 , 11 , 23 , 29 , 33 , 4 , 29 , 22 , 3 , 27 , 4 , 22 , 24 , 28 , 29 , 8 , 7 , 33 , 28 , 9 , 17 , 5 , 17 , 13 , 17 , 0 , 25 , 26 , 32 , 0 , 18 , 27 , 12 , 11 , 29 , 1 , 31 , 27 , 15 , 8 , 22 , 13 , 4 , 12 , 0 , 18 , 11 , 5 , 3 , 11 , 9 , 1 , 31 , 26 , 21 , 7 , 4 , 20 , 22 , 28 , 23 , 15 , 15 , 3 , 26 , 6 , 14 , 6 , 16 , 27 , 10 , 3 , 4 , 9 , 29 , 32 , 19 , 18 , 14 , 21 , 21 , 19 , 4 , 6 , 16 , 19 , 0 , 20 , 27 , 10 , 25 , 5 , 6 , 10 , 18 , 20 , 6 , 19 , 19 , 4 , 16 , 1 , 15 , 25 , 30 , 26 , 13 , 8 , 12 , 
Bins: 15 , 18 , 15 , 15 , 19 , 4 , 18 , 18 , 15 , 15 , 17 , 18 , 15 , 19 , 4 , 15 , 15 , 15 , 10 , 19 , 19 , 15 , 15 , 15 , 15 , 19 , 15 , 15 , 15 , 15 , 15 , 4 , 15 , 4 , 
Cost: 419184
time: 37.934075
nImprovAfterGreedy: 51
nImprovAfterRandom: 51
nMigrate: 208394
nSwap: 141905
n: 200
m: 20
Seed: 8374
