Items: 2 , 12 , 9 , 20 , 2 , 19 , 11 , 4 , 5 , 6 , 9 , 0 , 13 , 18 , 8 , 7 , 8 , 13 , 17 , 8 , 9 , 10 , 12 , 15 , 12 , 10 , 7 , 2 , 10 , 9 , 14 , 8 , 6 , 10 , 17 , 20 , 23 , 9 , 0 , 21 , 16 , 3 , 8 , 3 , 7 , 4 , 8 , 3 , 19 , 24 , 11 , 21 , 22 , 12 , 9 , 6 , 10 , 10 , 21 , 15 , 14 , 0 , 14 , 17 , 21 , 22 , 5 , 1 , 13 , 18 , 18 , 8 , 7 , 21 , 14 , 2 , 4 , 1 , 2 , 9 , 1 , 24 , 21 , 24 , 21 , 22 , 16 , 12 , 8 , 9 , 13 , 24 , 19 , 20 , 0 , 10 , 23 , 12 , 9 , 4 , 11 , 23 , 9 , 23 , 6 , 22 , 14 , 14 , 21 , 14 , 13 , 18 , 22 , 6 , 2 , 7 , 6 , 11 , 3 , 22 , 16 , 10 , 17 , 13 , 4 , 15 , 20 , 7 , 17 , 13 , 21 , 15 , 20 , 19 , 16 , 22 , 24 , 4 , 20 , 4 , 10 , 23 , 24 , 5 , 1 , 2 , 3 , 5 , 17 , 15 , 8 , 20 , 0 , 0 , 8 , 3 , 13 , 12 , 5 , 10 , 18 , 23 , 4 , 10 , 13 , 22 , 20 , 5 , 24 , 15 , 10 , 19 , 11 , 5 , 2 , 1 , 5 , 12 , 17 , 18 , 15 , 11 , 20 , 20 , 20 , 11 , 0 , 4 , 5 , 5 , 3 , 1 , 6 , 23 , 2 , 18 , 3 , 13 , 14 , 14 , 
Bins: 19 , 11 , 19 , 19 , 19 , 19 , 11 , 11 , 19 , 19 , 19 , 19 , 19 , 19 , 19 , 19 , 2 , 19 , 11 , 8 , 19 , 19 , 19 , 19 , 8 , 
Cost: 389832
time: 34.196945
nImprovAfterGreedy: 49
nImprovAfterRandom: 49
nMigrate: 248717
nSwap: 163695
n: 200
m: 20
Seed: 92965
