Items: 10 , 1 , 11 , 9 , 5 , 7 , 6 , 1 , 10 , 4 , 11 , 3 , 2 , 4 , 5 , 0 , 12 , 10 , 16 , 7 , 6 , 6 , 2 , 6 , 15 , 8 , 16 , 10 , 8 , 11 , 0 , 11 , 4 , 8 , 15 , 8 , 14 , 11 , 17 , 13 , 4 , 12 , 12 , 5 , 15 , 7 , 11 , 6 , 17 , 13 , 16 , 12 , 0 , 2 , 12 , 8 , 3 , 7 , 13 , 9 , 3 , 8 , 0 , 15 , 4 , 13 , 3 , 1 , 17 , 14 , 14 , 5 , 10 , 8 , 0 , 2 , 9 , 1 , 5 , 5 , 1 , 1 , 9 , 1 , 13 , 5 , 4 , 2 , 12 , 11 , 11 , 7 , 17 , 7 , 14 , 15 , 9 , 9 , 11 , 14 , 
Bins: 37 , 42 , 37 , 13 , 42 , 42 , 38 , 37 , 37 , 37 , 4 , 48 , 37 , 23 , 37 , 23 , 13 , 11 , 
Cost: 137543
time: 9.150317
nImprovAfterGreedy: 33
nImprovAfterRandom: 33
nMigrate: 127047
nSwap: 123281
n: 100
m: 50
Seed: 43983
