Items: 20 , 0 , 16 , 3 , 5 , 19 , 22 , 12 , 17 , 28 , 12 , 10 , 5 , 31 , 7 , 10 , 33 , 17 , 31 , 14 , 9 , 18 , 21 , 24 , 8 , 10 , 6 , 5 , 18 , 17 , 1 , 16 , 28 , 27 , 23 , 26 , 7 , 9 , 15 , 15 , 31 , 20 , 7 , 6 , 2 , 34 , 24 , 6 , 11 , 8 , 12 , 9 , 22 , 19 , 9 , 28 , 33 , 19 , 8 , 24 , 22 , 27 , 4 , 13 , 33 , 3 , 25 , 4 , 25 , 29 , 29 , 6 , 27 , 3 , 1 , 23 , 34 , 7 , 8 , 18 , 23 , 0 , 3 , 12 , 15 , 26 , 11 , 7 , 24 , 7 , 11 , 30 , 4 , 28 , 29 , 32 , 21 , 21 , 16 , 14 , 13 , 23 , 16 , 27 , 10 , 5 , 5 , 26 , 18 , 27 , 17 , 29 , 3 , 28 , 3 , 11 , 29 , 32 , 25 , 26 , 12 , 32 , 13 , 5 , 34 , 14 , 15 , 11 , 13 , 15 , 21 , 16 , 6 , 32 , 31 , 20 , 30 , 18 , 2 , 14 , 34 , 22 , 8 , 26 , 2 , 23 , 3 , 20 , 15 , 16 , 21 , 26 , 4 , 4 , 24 , 25 , 18 , 19 , 7 , 17 , 13 , 30 , 33 , 33 , 12 , 14 , 21 , 32 , 30 , 24 , 18 , 23 , 11 , 10 , 20 , 1 , 17 , 1 , 28 , 13 , 30 , 9 , 2 , 2 , 2 , 12 , 29 , 34 , 17 , 32 , 20 , 19 , 22 , 18 , 0 , 0 , 25 , 18 , 1 , 1 , 
Bins: 3 , 8 , 8 , 9 , 8 , 8 , 8 , 9 , 8 , 8 , 8 , 8 , 8 , 8 , 8 , 9 , 8 , 6 , 9 , 8 , 8 , 8 , 9 , 8 , 8 , 8 , 9 , 8 , 8 , 8 , 8 , 8 , 8 , 8 , 8 , 
Cost: 420315
time: 36.552696
nImprovAfterGreedy: 53
nImprovAfterRandom: 53
nMigrate: 231355
nSwap: 133496
n: 200
m: 10
Seed: 8529
