Items: 12 , 13 , 1 , 9 , 5 , 0 , 11 , 10 , 1 , 3 , 2 , 14 , 15 , 0 , 5 , 1 , 5 , 1 , 0 , 8 , 4 , 3 , 14 , 3 , 2 , 9 , 8 , 12 , 3 , 11 , 7 , 8 , 6 , 9 , 6 , 9 , 5 , 4 , 0 , 13 , 8 , 15 , 11 , 8 , 15 , 1 , 1 , 3 , 0 , 6 , 0 , 4 , 7 , 13 , 4 , 9 , 11 , 11 , 2 , 9 , 7 , 9 , 7 , 2 , 11 , 13 , 6 , 12 , 6 , 10 , 10 , 8 , 12 , 9 , 7 , 14 , 10 , 5 , 5 , 8 , 12 , 4 , 1 , 2 , 13 , 14 , 12 , 14 , 3 , 4 , 1 , 1 , 15 , 6 , 10 , 3 , 11 , 14 , 2 , 10 , 
Bins: 9 , 9 , 9 , 9 , 8 , 9 , 8 , 8 , 8 , 8 , 8 , 9 , 9 , 9 , 8 , 2 , 
Cost: 100028
time: 7.368861
nImprovAfterGreedy: 25
nImprovAfterRandom: 25
nMigrate: 181673
nSwap: 102106
n: 100
m: 10
Seed: 83393
