Items: 1 , 5 , 17 , 9 , 12 , 33 , 2 , 23 , 2 , 27 , 20 , 3 , 21 , 34 , 26 , 17 , 16 , 21 , 11 , 27 , 7 , 0 , 5 , 16 , 20 , 25 , 32 , 15 , 24 , 20 , 21 , 1 , 34 , 26 , 9 , 25 , 0 , 7 , 17 , 9 , 22 , 28 , 10 , 12 , 28 , 14 , 16 , 32 , 33 , 18 , 10 , 7 , 26 , 4 , 7 , 15 , 15 , 14 , 20 , 16 , 2 , 15 , 33 , 11 , 30 , 4 , 3 , 23 , 18 , 22 , 6 , 14 , 8 , 30 , 6 , 13 , 14 , 31 , 12 , 20 , 13 , 31 , 1 , 19 , 24 , 26 , 19 , 5 , 4 , 20 , 19 , 17 , 33 , 9 , 3 , 29 , 10 , 3 , 20 , 31 , 6 , 10 , 1 , 15 , 34 , 33 , 4 , 29 , 26 , 2 , 31 , 1 , 26 , 8 , 29 , 19 , 23 , 1 , 21 , 25 , 32 , 30 , 11 , 22 , 8 , 16 , 9 , 19 , 11 , 26 , 1 , 25 , 32 , 30 , 22 , 32 , 21 , 8 , 0 , 29 , 14 , 2 , 18 , 10 , 28 , 13 , 8 , 3 , 11 , 25 , 27 , 9 , 23 , 23 , 16 , 0 , 8 , 5 , 8 , 30 , 6 , 25 , 32 , 25 , 17 , 24 , 5 , 4 , 21 , 10 , 13 , 13 , 19 , 4 , 12 , 24 , 21 , 27 , 11 , 6 , 12 , 7 , 28 , 28 , 28 , 25 , 1 , 8 , 21 , 4 , 1 , 24 , 2 , 20 , 23 , 34 , 0 , 15 , 6 , 27 , 
Bins: 15 , 19 , 18 , 15 , 19 , 4 , 16 , 15 , 18 , 18 , 15 , 19 , 4 , 15 , 15 , 15 , 16 , 4 , 3 , 15 , 19 , 19 , 15 , 15 , 15 , 19 , 18 , 12 , 15 , 15 , 4 , 4 , 15 , 15 , 4 , 
Cost: 419744
time: 34.341424
nImprovAfterGreedy: 57
nImprovAfterRandom: 57
nMigrate: 178124
nSwap: 116461
n: 200
m: 20
Seed: 708
