Items: 13 , 5 , 1 , 6 , 14 , 9 , 1 , 6 , 12 , 10 , 4 , 9 , 12 , 16 , 3 , 16 , 11 , 4 , 16 , 17 , 7 , 8 , 13 , 11 , 4 , 2 , 10 , 13 , 2 , 4 , 8 , 10 , 10 , 2 , 0 , 2 , 3 , 7 , 1 , 0 , 11 , 14 , 3 , 17 , 14 , 12 , 13 , 5 , 9 , 8 , 15 , 7 , 5 , 5 , 10 , 2 , 1 , 9 , 4 , 6 , 1 , 2 , 8 , 0 , 1 , 6 , 17 , 7 , 8 , 15 , 6 , 9 , 16 , 2 , 14 , 13 , 15 , 3 , 14 , 17 , 13 , 8 , 6 , 4 , 10 , 3 , 4 , 3 , 11 , 3 , 12 , 12 , 12 , 0 , 15 , 11 , 6 , 9 , 4 , 14 , 
Bins: 11 , 18 , 11 , 18 , 19 , 11 , 7 , 7 , 11 , 11 , 11 , 7 , 11 , 11 , 11 , 11 , 11 , 6 , 
Cost: 113270
time: 8.173489
nImprovAfterGreedy: 45
nImprovAfterRandom: 45
nMigrate: 120013
nSwap: 105033
n: 100
m: 20
Seed: 2984
