Items: 8 , 15 , 6 , 4 , 8 , 10 , 2 , 4 , 4 , 5 , 6 , 1 , 16 , 2 , 0 , 17 , 5 , 4 , 11 , 11 , 15 , 3 , 8 , 13 , 9 , 1 , 17 , 17 , 1 , 6 , 3 , 5 , 5 , 7 , 10 , 4 , 0 , 6 , 14 , 12 , 11 , 17 , 0 , 14 , 17 , 7 , 5 , 14 , 2 , 3 , 16 , 13 , 14 , 12 , 13 , 1 , 1 , 10 , 9 , 13 , 2 , 1 , 3 , 9 , 2 , 4 , 9 , 15 , 3 , 16 , 16 , 10 , 17 , 4 , 8 , 8 , 12 , 0 , 8 , 6 , 15 , 3 , 4 , 9 , 12 , 0 , 5 , 0 , 7 , 0 , 7 , 15 , 2 , 10 , 16 , 7 , 13 , 10 , 6 , 7 , 
Bins: 9 , 8 , 9 , 8 , 9 , 8 , 8 , 8 , 8 , 8 , 8 , 3 , 8 , 8 , 3 , 8 , 8 , 8 , 
Cost: 115017
time: 8.800940
nImprovAfterGreedy: 44
nImprovAfterRandom: 44
nMigrate: 176596
nSwap: 121275
n: 100
m: 10
Seed: 24988
