Items: 2 , 8 , 0 , 3 , 1 , 9 , 4 , 8 , 5 , 11 , 0 , 7 , 12 , 2 , 1 , 2 , 11 , 5 , 2 , 2 , 8 , 6 , 8 , 11 , 10 , 6 , 2 , 6 , 6 , 0 , 4 , 11 , 11 , 6 , 8 , 3 , 1 , 0 , 4 , 10 , 2 , 5 , 5 , 1 , 5 , 5 , 11 , 8 , 9 , 5 , 3 , 12 , 4 , 10 , 9 , 6 , 6 , 9 , 10 , 3 , 4 , 6 , 4 , 10 , 11 , 3 , 7 , 8 , 5 , 12 , 7 , 1 , 2 , 6 , 4 , 11 , 7 , 1 , 1 , 0 , 8 , 0 , 3 , 0 , 10 , 1 , 0 , 4 , 11 , 0 , 5 , 5 , 9 , 9 , 7 , 6 , 3 , 7 , 0 , 1 , 
Bins: 49 , 49 , 49 , 47 , 49 , 49 , 49 , 48 , 49 , 39 , 49 , 49 , 0 , 
Cost: 88113
time: 7.102631
nImprovAfterGreedy: 22
nImprovAfterRandom: 22
nMigrate: 118504
nSwap: 114483
n: 100
m: 50
Seed: 70123
