Items: 6 , 4 , 6 , 9 , 0 , 5 , 16 , 13 , 9 , 7 , 10 , 5 , 14 , 6 , 4 , 6 , 7 , 9 , 14 , 12 , 4 , 4 , 14 , 16 , 4 , 3 , 17 , 1 , 17 , 9 , 8 , 7 , 7 , 3 , 12 , 3 , 0 , 2 , 8 , 6 , 17 , 11 , 9 , 15 , 11 , 13 , 7 , 15 , 6 , 11 , 10 , 1 , 8 , 13 , 2 , 3 , 1 , 12 , 10 , 3 , 8 , 3 , 8 , 0 , 16 , 12 , 5 , 13 , 11 , 14 , 10 , 15 , 1 , 3 , 0 , 10 , 13 , 4 , 0 , 9 , 7 , 2 , 9 , 10 , 1 , 14 , 7 , 4 , 11 , 2 , 11 , 11 , 2 , 12 , 5 , 17 , 2 , 5 , 9 , 15 , 
Bins: 8 , 8 , 8 , 8 , 9 , 8 , 9 , 8 , 8 , 9 , 8 , 8 , 8 , 8 , 8 , 3 , 2 , 3 , 
Cost: 115091
time: 8.411251
nImprovAfterGreedy: 35
nImprovAfterRandom: 35
nMigrate: 158643
nSwap: 110806
n: 100
m: 10
Seed: 24678
