Items: 6 , 24 , 13 , 16 , 27 , 2 , 14 , 4 , 14 , 16 , 26 , 21 , 3 , 26 , 9 , 25 , 10 , 4 , 34 , 10 , 0 , 19 , 0 , 10 , 31 , 12 , 30 , 1 , 12 , 2 , 27 , 2 , 4 , 19 , 33 , 13 , 9 , 0 , 6 , 16 , 30 , 17 , 9 , 32 , 17 , 19 , 20 , 23 , 26 , 18 , 8 , 7 , 22 , 29 , 33 , 1 , 1 , 19 , 18 , 20 , 14 , 1 , 7 , 34 , 26 , 16 , 21 , 28 , 18 , 25 , 21 , 30 , 17 , 12 , 7 , 11 , 29 , 9 , 18 , 2 , 28 , 27 , 12 , 26 , 0 , 9 , 28 , 9 , 10 , 9 , 14 , 24 , 3 , 33 , 22 , 12 , 15 , 31 , 20 , 25 , 8 , 29 , 33 , 1 , 10 , 22 , 7 , 17 , 13 , 7 , 27 , 2 , 19 , 4 , 15 , 28 , 1 , 8 , 23 , 11 , 31 , 19 , 5 , 20 , 3 , 22 , 16 , 17 , 5 , 16 , 5 , 32 , 30 , 3 , 32 , 31 , 17 , 24 , 15 , 15 , 19 , 14 , 18 , 15 , 5 , 11 , 23 , 11 , 34 , 13 , 13 , 33 , 29 , 30 , 20 , 5 , 6 , 13 , 6 , 2 , 24 , 16 , 31 , 12 , 4 , 22 , 0 , 21 , 24 , 20 , 19 , 12 , 25 , 21 , 6 , 28 , 27 , 31 , 34 , 29 , 32 , 8 , 11 , 6 , 26 , 8 , 25 , 6 , 27 , 3 , 23 , 2 , 14 , 30 , 6 , 26 , 5 , 30 , 7 , 13 , 
Bins: 8 , 8 , 8 , 8 , 3 , 8 , 9 , 8 , 8 , 9 , 8 , 8 , 8 , 9 , 9 , 8 , 9 , 8 , 8 , 9 , 8 , 8 , 8 , 6 , 3 , 8 , 9 , 8 , 8 , 8 , 8 , 8 , 3 , 3 , 8 , 
Cost: 419873
time: 35.902848
nImprovAfterGreedy: 62
nImprovAfterRandom: 62
nMigrate: 227008
nSwap: 131438
n: 200
m: 10
Seed: 47534
