Items: 14 , 8 , 0 , 4 , 11 , 20 , 16 , 2 , 12 , 9 , 0 , 20 , 10 , 18 , 11 , 6 , 5 , 3 , 6 , 13 , 23 , 9 , 6 , 5 , 8 , 9 , 14 , 10 , 9 , 0 , 15 , 0 , 6 , 17 , 1 , 1 , 14 , 23 , 15 , 20 , 14 , 24 , 14 , 13 , 24 , 2 , 5 , 13 , 20 , 3 , 16 , 23 , 21 , 8 , 1 , 9 , 17 , 20 , 23 , 5 , 17 , 17 , 15 , 16 , 18 , 12 , 2 , 21 , 3 , 18 , 18 , 11 , 17 , 4 , 15 , 4 , 2 , 11 , 14 , 12 , 4 , 7 , 4 , 0 , 23 , 11 , 0 , 11 , 5 , 0 , 0 , 22 , 20 , 1 , 19 , 9 , 4 , 8 , 0 , 19 , 16 , 7 , 0 , 17 , 11 , 21 , 10 , 15 , 2 , 17 , 3 , 18 , 4 , 1 , 4 , 24 , 14 , 16 , 13 , 12 , 8 , 3 , 3 , 9 , 10 , 19 , 1 , 7 , 23 , 21 , 1 , 11 , 1 , 10 , 14 , 24 , 10 , 2 , 20 , 15 , 2 , 7 , 14 , 12 , 21 , 4 , 1 , 12 , 6 , 0 , 5 , 1 , 17 , 12 , 5 , 13 , 9 , 8 , 9 , 3 , 18 , 7 , 8 , 9 , 13 , 19 , 12 , 19 , 22 , 5 , 3 , 3 , 19 , 18 , 9 , 22 , 10 , 8 , 6 , 17 , 11 , 16 , 21 , 2 , 18 , 16 , 22 , 2 , 10 , 10 , 6 , 22 , 7 , 7 , 12 , 18 , 13 , 2 , 15 , 15 , 
Bins: 19 , 19 , 19 , 19 , 19 , 19 , 19 , 19 , 19 , 19 , 19 , 19 , 19 , 19 , 19 , 19 , 19 , 19 , 19 , 19 , 19 , 15 , 15 , 19 , 4 , 
Cost: 365626
time: 29.766231
nImprovAfterGreedy: 33
nImprovAfterRandom: 33
nMigrate: 220787
nSwap: 128618
n: 200
m: 20
Seed: 58485
