Items: 1 , 1 , 7 , 3 , 1 , 0 , 13 , 13 , 5 , 9 , 7 , 4 , 8 , 12 , 6 , 5 , 14 , 8 , 12 , 0 , 6 , 9 , 1 , 14 , 7 , 5 , 14 , 9 , 1 , 7 , 3 , 14 , 14 , 5 , 2 , 5 , 2 , 6 , 10 , 11 , 2 , 11 , 5 , 0 , 11 , 0 , 14 , 9 , 0 , 10 , 13 , 6 , 3 , 11 , 6 , 5 , 5 , 0 , 7 , 10 , 3 , 5 , 3 , 2 , 14 , 3 , 10 , 13 , 10 , 8 , 12 , 14 , 9 , 5 , 3 , 1 , 8 , 1 , 2 , 6 , 1 , 6 , 5 , 7 , 11 , 1 , 10 , 1 , 9 , 6 , 10 , 10 , 0 , 2 , 4 , 9 , 13 , 4 , 7 , 11 , 
Bins: 46 , 49 , 46 , 46 , 8 , 49 , 46 , 37 , 8 , 37 , 48 , 46 , 0 , 32 , 46 , 
Cost: 113551
time: 7.857251
nImprovAfterGreedy: 19
nImprovAfterRandom: 19
nMigrate: 110876
nSwap: 124464
n: 100
m: 50
Seed: 4971
