Items: 14 , 12 , 6 , 0 , 11 , 4 , 2 , 15 , 2 , 7 , 5 , 15 , 5 , 14 , 13 , 6 , 7 , 5 , 6 , 10 , 12 , 10 , 12 , 7 , 5 , 1 , 6 , 14 , 0 , 5 , 9 , 6 , 7 , 1 , 10 , 1 , 11 , 13 , 9 , 3 , 7 , 4 , 11 , 1 , 4 , 3 , 14 , 10 , 4 , 8 , 9 , 11 , 6 , 3 , 13 , 1 , 1 , 10 , 5 , 14 , 9 , 1 , 9 , 2 , 3 , 0 , 2 , 8 , 2 , 5 , 14 , 10 , 14 , 3 , 9 , 11 , 15 , 12 , 11 , 5 , 12 , 8 , 0 , 8 , 3 , 0 , 13 , 12 , 11 , 13 , 13 , 8 , 4 , 10 , 15 , 0 , 0 , 15 , 13 , 4 , 
Bins: 46 , 48 , 48 , 44 , 46 , 49 , 48 , 40 , 27 , 48 , 48 , 48 , 44 , 48 , 44 , 38 , 
Cost: 99428
time: 7.996328
nImprovAfterGreedy: 31
nImprovAfterRandom: 31
nMigrate: 118808
nSwap: 109274
n: 100
m: 50
Seed: 46110
