Items: 3 , 0 , 0 , 1 , 27 , 8 , 18 , 3 , 18 , 0 , 15 , 31 , 24 , 7 , 4 , 7 , 14 , 15 , 7 , 33 , 26 , 21 , 29 , 13 , 15 , 20 , 6 , 29 , 21 , 15 , 27 , 0 , 6 , 31 , 2 , 10 , 4 , 26 , 3 , 2 , 32 , 35 , 4 , 33 , 35 , 8 , 5 , 14 , 7 , 28 , 17 , 26 , 16 , 8 , 0 , 12 , 12 , 8 , 15 , 17 , 2 , 12 , 34 , 22 , 18 , 23 , 22 , 19 , 30 , 24 , 32 , 8 , 14 , 1 , 19 , 29 , 24 , 4 , 4 , 15 , 19 , 27 , 1 , 28 , 9 , 10 , 9 , 34 , 14 , 15 , 30 , 28 , 18 , 25 , 16 , 21 , 5 , 5 , 15 , 11 , 22 , 34 , 0 , 12 , 13 , 16 , 19 , 2 , 1 , 2 , 27 , 17 , 1 , 17 , 1 , 9 , 10 , 23 , 33 , 10 , 5 , 23 , 25 , 30 , 13 , 16 , 3 , 6 , 25 , 1 , 25 , 9 , 20 , 23 , 32 , 35 , 28 , 18 , 20 , 11 , 8 , 34 , 13 , 10 , 33 , 29 , 14 , 35 , 25 , 35 , 5 , 25 , 31 , 11 , 33 , 30 , 3 , 5 , 3 , 23 , 32 , 34 , 18 , 5 , 30 , 16 , 26 , 11 , 28 , 17 , 21 , 21 , 14 , 6 , 3 , 19 , 27 , 10 , 7 , 31 , 9 , 26 , 20 , 20 , 20 , 35 , 11 , 3 , 27 , 23 , 14 , 29 , 2 , 6 , 35 , 24 , 33 , 20 , 19 , 11 , 
Bins: 11 , 18 , 18 , 18 , 11 , 11 , 11 , 11 , 11 , 11 , 11 , 11 , 6 , 7 , 19 , 19 , 11 , 11 , 18 , 11 , 11 , 3 , 2 , 11 , 11 , 11 , 11 , 11 , 3 , 11 , 11 , 7 , 3 , 11 , 11 , 7 , 
Cost: 417464
time: 33.236176
nImprovAfterGreedy: 57
nImprovAfterRandom: 57
nMigrate: 173912
nSwap: 113781
n: 200
m: 20
Seed: 36485
