Items: 4 , 12 , 12 , 3 , 9 , 7 , 1 , 12 , 1 , 13 , 2 , 7 , 15 , 17 , 9 , 11 , 0 , 2 , 11 , 6 , 15 , 13 , 15 , 11 , 2 , 11 , 6 , 13 , 11 , 2 , 5 , 8 , 8 , 15 , 8 , 16 , 9 , 0 , 5 , 14 , 10 , 6 , 0 , 16 , 6 , 12 , 1 , 16 , 7 , 8 , 16 , 0 , 5 , 14 , 0 , 10 , 13 , 7 , 2 , 4 , 5 , 6 , 6 , 14 , 1 , 3 , 17 , 4 , 8 , 10 , 17 , 7 , 13 , 3 , 5 , 14 , 10 , 9 , 9 , 3 , 4 , 4 , 3 , 2 , 3 , 1 , 2 , 15 , 0 , 4 , 12 , 12 , 1 , 8 , 1 , 13 , 16 , 7 , 2 , 17 , 
Bins: 11 , 18 , 19 , 7 , 11 , 11 , 11 , 11 , 11 , 11 , 6 , 11 , 11 , 11 , 11 , 7 , 11 , 6 , 
Cost: 113509
time: 8.599192
nImprovAfterGreedy: 36
nImprovAfterRandom: 36
nMigrate: 172124
nSwap: 113717
n: 100
m: 20
Seed: 77148
