Items: 7 , 14 , 7 , 8 , 9 , 15 , 10 , 8 , 6 , 17 , 1 , 16 , 14 , 7 , 9 , 7 , 3 , 1 , 18 , 10 , 0 , 17 , 14 , 3 , 1 , 2 , 4 , 17 , 2 , 1 , 5 , 9 , 3 , 2 , 11 , 2 , 9 , 0 , 5 , 13 , 3 , 18 , 16 , 4 , 18 , 15 , 6 , 4 , 15 , 12 , 18 , 0 , 5 , 13 , 4 , 2 , 17 , 15 , 1 , 8 , 5 , 2 , 5 , 10 , 10 , 8 , 16 , 12 , 16 , 11 , 8 , 15 , 17 , 2 , 16 , 13 , 11 , 9 , 9 , 1 , 7 , 12 , 8 , 12 , 13 , 14 , 3 , 14 , 14 , 1 , 6 , 12 , 15 , 11 , 6 , 17 , 8 , 11 , 1 , 18 , 
Bins: 2 , 19 , 11 , 7 , 7 , 11 , 2 , 11 , 7 , 11 , 11 , 11 , 3 , 11 , 11 , 11 , 11 , 11 , 11 , 
Cost: 113477
time: 8.566691
nImprovAfterGreedy: 36
nImprovAfterRandom: 36
nMigrate: 143799
nSwap: 114106
n: 100
m: 20
Seed: 53630
