Items: 2 , 8 , 5 , 21 , 24 , 11 , 20 , 1 , 20 , 12 , 27 , 25 , 29 , 13 , 7 , 9 , 0 , 7 , 9 , 13 , 10 , 29 , 31 , 17 , 8 , 12 , 25 , 29 , 12 , 27 , 31 , 25 , 9 , 8 , 14 , 5 , 17 , 10 , 2 , 30 , 15 , 0 , 17 , 32 , 23 , 11 , 19 , 0 , 8 , 6 , 24 , 10 , 31 , 11 , 10 , 27 , 27 , 11 , 6 , 19 , 20 , 27 , 29 , 17 , 30 , 21 , 28 , 1 , 6 , 32 , 18 , 11 , 4 , 21 , 31 , 22 , 33 , 7 , 17 , 32 , 14 , 26 , 21 , 7 , 30 , 24 , 18 , 8 , 12 , 23 , 18 , 23 , 4 , 14 , 25 , 12 , 26 , 22 , 19 , 33 , 24 , 26 , 25 , 27 , 9 , 29 , 29 , 5 , 2 , 20 , 7 , 24 , 21 , 18 , 2 , 18 , 1 , 21 , 0 , 3 , 15 , 21 , 16 , 19 , 4 , 28 , 30 , 26 , 16 , 2 , 16 , 6 , 24 , 28 , 15 , 0 , 23 , 4 , 3 , 33 , 11 , 20 , 6 , 26 , 16 , 14 , 4 , 25 , 30 , 5 , 22 , 32 , 1 , 1 , 19 , 16 , 4 , 5 , 2 , 32 , 15 , 13 , 12 , 12 , 7 , 15 , 3 , 28 , 23 , 19 , 8 , 22 , 18 , 26 , 2 , 31 , 7 , 22 , 9 , 14 , 23 , 10 , 3 , 3 , 30 , 12 , 33 , 4 , 7 , 28 , 0 , 14 , 20 , 8 , 1 , 13 , 16 , 33 , 5 , 5 , 
Bins: 8 , 8 , 9 , 8 , 9 , 9 , 8 , 9 , 9 , 8 , 8 , 8 , 8 , 6 , 8 , 8 , 8 , 8 , 8 , 8 , 9 , 9 , 8 , 8 , 8 , 8 , 8 , 8 , 8 , 8 , 9 , 8 , 3 , 8 , 
Cost: 418765
time: 36.138412
nImprovAfterGreedy: 64
nImprovAfterRandom: 64
nMigrate: 224538
nSwap: 133056
n: 200
m: 10
Seed: 1349
