Items: 0 , 11 , 11 , 3 , 0 , 1 , 18 , 17 , 2 , 9 , 11 , 16 , 15 , 5 , 6 , 2 , 9 , 14 , 8 , 5 , 18 , 6 , 0 , 10 , 4 , 2 , 7 , 3 , 10 , 14 , 12 , 9 , 5 , 16 , 4 , 2 , 6 , 9 , 12 , 4 , 8 , 15 , 6 , 7 , 15 , 1 , 9 , 7 , 1 , 15 , 8 , 3 , 12 , 7 , 9 , 2 , 13 , 1 , 3 , 3 , 12 , 3 , 12 , 4 , 13 , 2 , 15 , 18 , 15 , 8 , 5 , 1 , 10 , 13 , 0 , 0 , 17 , 6 , 0 , 9 , 17 , 17 , 2 , 11 , 13 , 6 , 14 , 6 , 10 , 6 , 11 , 11 , 1 , 17 , 16 , 10 , 17 , 16 , 14 , 16 , 
Bins: 8 , 8 , 8 , 8 , 8 , 3 , 9 , 8 , 8 , 8 , 8 , 8 , 8 , 3 , 1 , 8 , 8 , 8 , 2 , 
Cost: 139770
time: 9.602126
nImprovAfterGreedy: 36
nImprovAfterRandom: 36
nMigrate: 185425
nSwap: 137273
n: 100
m: 10
Seed: 25119
