Items: 25 , 30 , 19 , 4 , 6 , 20 , 21 , 23 , 21 , 4 , 17 , 18 , 35 , 8 , 28 , 7 , 16 , 33 , 8 , 26 , 35 , 30 , 35 , 31 , 0 , 11 , 1 , 18 , 30 , 31 , 3 , 19 , 8 , 30 , 0 , 21 , 13 , 28 , 27 , 4 , 9 , 22 , 23 , 26 , 22 , 31 , 23 , 1 , 15 , 5 , 2 , 28 , 3 , 12 , 28 , 32 , 32 , 14 , 5 , 24 , 27 , 32 , 15 , 20 , 17 , 4 , 18 , 1 , 5 , 2 , 8 , 26 , 17 , 4 , 3 , 20 , 34 , 27 , 5 , 26 , 27 , 24 , 4 , 17 , 28 , 6 , 24 , 30 , 13 , 24 , 13 , 29 , 25 , 22 , 15 , 14 , 33 , 16 , 19 , 31 , 6 , 33 , 19 , 32 , 7 , 15 , 12 , 34 , 25 , 21 , 33 , 15 , 4 , 23 , 25 , 22 , 23 , 2 , 11 , 10 , 0 , 30 , 14 , 9 , 25 , 24 , 17 , 22 , 14 , 6 , 6 , 19 , 1 , 35 , 9 , 1 , 29 , 25 , 3 , 31 , 14 , 13 , 5 , 10 , 11 , 0 , 17 , 10 , 7 , 19 , 16 , 14 , 34 , 10 , 31 , 11 , 25 , 20 , 33 , 20 , 9 , 29 , 7 , 16 , 23 , 24 , 26 , 15 , 29 , 18 , 30 , 6 , 13 , 12 , 11 , 27 , 12 , 0 , 8 , 33 , 29 , 2 , 10 , 3 , 22 , 14 , 32 , 16 , 12 , 12 , 16 , 35 , 21 , 13 , 10 , 17 , 11 , 32 , 6 , 21 , 
Bins: 15 , 15 , 12 , 15 , 18 , 15 , 16 , 4 , 15 , 15 , 15 , 15 , 12 , 12 , 15 , 15 , 12 , 18 , 4 , 15 , 4 , 13 , 15 , 4 , 15 , 18 , 4 , 4 , 15 , 15 , 17 , 15 , 15 , 5 , 4 , 15 , 
Cost: 467521
time: 41.376430
nImprovAfterGreedy: 61
nImprovAfterRandom: 61
nMigrate: 253392
nSwap: 165744
n: 200
m: 20
Seed: 34527
