Items: 6 , 13 , 3 , 8 , 1 , 9 , 11 , 8 , 8 , 7 , 3 , 10 , 13 , 9 , 1 , 15 , 7 , 2 , 15 , 9 , 13 , 6 , 13 , 15 , 12 , 4 , 5 , 6 , 4 , 3 , 14 , 7 , 7 , 4 , 6 , 4 , 0 , 3 , 9 , 12 , 0 , 2 , 0 , 5 , 2 , 8 , 7 , 5 , 9 , 2 , 15 , 0 , 14 , 12 , 5 , 4 , 4 , 9 , 12 , 15 , 14 , 4 , 14 , 0 , 3 , 8 , 2 , 5 , 2 , 11 , 10 , 7 , 6 , 8 , 14 , 13 , 11 , 1 , 0 , 3 , 6 , 1 , 8 , 1 , 12 , 1 , 7 , 13 , 5 , 3 , 8 , 8 , 9 , 11 , 10 , 6 , 11 , 10 , 3 , 10 , 
Bins: 6 , 5 , 6 , 9 , 6 , 6 , 9 , 6 , 9 , 9 , 6 , 6 , 9 , 6 , 6 , 6 , 
Cost: 102109
time: 8.455351
nImprovAfterGreedy: 29
nImprovAfterRandom: 29
nMigrate: 228667
nSwap: 130174
n: 100
m: 10
Seed: 83657
