Items: 11 , 21 , 11 , 1 , 11 , 6 , 1 , 16 , 6 , 2 , 14 , 15 , 16 , 19 , 8 , 2 , 3 , 21 , 2 , 0 , 4 , 4 , 21 , 3 , 14 , 12 , 8 , 20 , 12 , 0 , 10 , 2 , 2 , 15 , 7 , 17 , 5 , 4 , 1 , 13 , 24 , 9 , 5 , 8 , 9 , 6 , 3 , 20 , 19 , 22 , 17 , 13 , 10 , 13 , 8 , 5 , 5 , 6 , 14 , 3 , 10 , 5 , 10 , 14 , 1 , 16 , 6 , 12 , 16 , 19 , 19 , 8 , 20 , 1 , 10 , 11 , 20 , 23 , 11 , 8 , 23 , 0 , 12 , 18 , 13 , 12 , 18 , 3 , 8 , 0 , 16 , 21 , 6 , 7 , 15 , 12 , 22 , 22 , 18 , 15 , 14 , 0 , 2 , 5 , 12 , 20 , 13 , 10 , 6 , 15 , 0 , 19 , 12 , 17 , 11 , 23 , 17 , 4 , 21 , 17 , 24 , 4 , 7 , 16 , 6 , 15 , 1 , 18 , 7 , 14 , 10 , 17 , 0 , 4 , 24 , 20 , 21 , 6 , 9 , 1 , 6 , 16 , 11 , 5 , 9 , 11 , 20 , 0 , 2 , 17 , 3 , 7 , 15 , 1 , 3 , 7 , 16 , 13 , 0 , 4 , 24 , 13 , 20 , 12 , 16 , 18 , 17 , 19 , 21 , 3 , 22 , 22 , 18 , 19 , 11 , 23 , 0 , 14 , 2 , 8 , 8 , 4 , 9 , 9 , 9 , 13 , 1 , 20 , 0 , 4 , 21 , 23 , 24 , 8 , 21 , 19 , 7 , 1 , 10 , 12 , 
Bins: 19 , 19 , 19 , 19 , 19 , 17 , 19 , 19 , 19 , 15 , 19 , 19 , 19 , 19 , 19 , 19 , 19 , 19 , 17 , 19 , 19 , 19 , 16 , 15 , 2 , 
Cost: 383116
time: 30.777468
nImprovAfterGreedy: 51
nImprovAfterRandom: 51
nMigrate: 218198
nSwap: 133123
n: 200
m: 20
Seed: 53705
