Items: 3 , 5 , 4 , 1 , 11 , 3 , 14 , 10 , 1 , 1 , 4 , 12 , 11 , 6 , 5 , 7 , 14 , 8 , 6 , 8 , 10 , 2 , 11 , 14 , 0 , 7 , 7 , 2 , 2 , 4 , 7 , 11 , 6 , 2 , 9 , 1 , 9 , 4 , 3 , 0 , 8 , 8 , 9 , 8 , 13 , 10 , 4 , 2 , 3 , 13 , 6 , 10 , 11 , 0 , 15 , 1 , 1 , 2 , 0 , 15 , 7 , 1 , 7 , 9 , 14 , 6 , 13 , 10 , 13 , 8 , 12 , 14 , 2 , 1 , 9 , 5 , 10 , 5 , 9 , 4 , 5 , 5 , 1 , 4 , 0 , 11 , 15 , 5 , 14 , 4 , 7 , 13 , 3 , 13 , 12 , 2 , 15 , 12 , 4 , 12 , 
Bins: 9 , 9 , 9 , 6 , 9 , 9 , 9 , 8 , 8 , 9 , 8 , 8 , 8 , 8 , 9 , 2 , 
Cost: 100147
time: 8.113066
nImprovAfterGreedy: 30
nImprovAfterRandom: 30
nMigrate: 189072
nSwap: 123973
n: 100
m: 10
Seed: 93318
