Items: 11 , 13 , 13 , 4 , 2 , 7 , 7 , 13 , 0 , 12 , 10 , 15 , 1 , 11 , 2 , 11 , 6 , 0 , 11 , 4 , 3 , 12 , 11 , 12 , 10 , 4 , 9 , 12 , 12 , 0 , 8 , 6 , 6 , 4 , 5 , 0 , 2 , 3 , 7 , 14 , 9 , 5 , 0 , 9 , 5 , 13 , 6 , 9 , 12 , 13 , 1 , 3 , 8 , 14 , 3 , 4 , 7 , 7 , 10 , 4 , 7 , 4 , 8 , 10 , 6 , 1 , 5 , 13 , 5 , 1 , 15 , 9 , 11 , 4 , 8 , 14 , 1 , 2 , 2 , 3 , 2 , 3 , 0 , 10 , 14 , 2 , 6 , 8 , 9 , 3 , 6 , 13 , 7 , 5 , 15 , 12 , 0 , 15 , 10 , 15 , 
Bins: 8 , 6 , 9 , 6 , 6 , 6 , 6 , 9 , 6 , 6 , 9 , 9 , 5 , 6 , 6 , 6 , 
Cost: 101954
time: 7.516523
nImprovAfterGreedy: 24
nImprovAfterRandom: 24
nMigrate: 182201
nSwap: 107024
n: 100
m: 10
Seed: 36198
