Items: 2 , 14 , 11 , 12 , 9 , 4 , 1 , 12 , 1 , 3 , 6 , 4 , 10 , 13 , 3 , 13 , 7 , 6 , 13 , 3 , 14 , 0 , 14 , 7 , 6 , 13 , 13 , 2 , 9 , 6 , 13 , 7 , 7 , 5 , 8 , 0 , 5 , 2 , 11 , 15 , 8 , 1 , 9 , 3 , 1 , 5 , 7 , 0 , 4 , 7 , 0 , 2 , 0 , 15 , 2 , 10 , 10 , 4 , 6 , 12 , 11 , 10 , 1 , 8 , 15 , 12 , 1 , 5 , 1 , 10 , 12 , 3 , 2 , 15 , 9 , 9 , 0 , 14 , 9 , 3 , 14 , 3 , 12 , 6 , 15 , 9 , 6 , 14 , 5 , 2 , 11 , 11 , 4 , 8 , 11 , 5 , 12 , 11 , 6 , 5 , 
Bins: 48 , 48 , 48 , 44 , 46 , 48 , 49 , 46 , 32 , 44 , 38 , 44 , 40 , 48 , 44 , 44 , 
Cost: 99267
time: 7.448873
nImprovAfterGreedy: 32
nImprovAfterRandom: 32
nMigrate: 104310
nSwap: 91164
n: 100
m: 50
Seed: 29528
