Items: 13 , 3 , 10 , 4 , 3 , 14 , 2 , 4 , 6 , 0 , 10 , 6 , 14 , 13 , 3 , 13 , 8 , 6 , 2 , 11 , 14 , 0 , 14 , 15 , 1 , 6 , 7 , 13 , 15 , 6 , 5 , 3 , 1 , 11 , 12 , 6 , 8 , 10 , 5 , 9 , 7 , 7 , 8 , 0 , 7 , 11 , 8 , 0 , 14 , 1 , 2 , 13 , 5 , 9 , 0 , 6 , 6 , 11 , 1 , 4 , 7 , 11 , 7 , 15 , 9 , 4 , 5 , 1 , 5 , 12 , 4 , 11 , 13 , 9 , 5 , 8 , 12 , 3 , 8 , 0 , 8 , 15 , 4 , 15 , 9 , 3 , 10 , 3 , 8 , 10 , 10 , 10 , 14 , 12 , 2 , 15 , 4 , 12 , 10 , 11 , 
Bins: 44 , 38 , 35 , 44 , 39 , 48 , 48 , 46 , 48 , 44 , 48 , 48 , 38 , 44 , 46 , 44 , 
Cost: 113318
time: 8.591807
nImprovAfterGreedy: 45
nImprovAfterRandom: 45
nMigrate: 128726
nSwap: 119751
n: 100
m: 50
Seed: 97901
