Items: 3 , 6 , 14 , 3 , 19 , 11 , 23 , 21 , 3 , 12 , 14 , 23 , 1 , 18 , 4 , 7 , 12 , 7 , 0 , 11 , 21 , 13 , 0 , 9 , 20 , 15 , 13 , 1 , 9 , 14 , 15 , 12 , 12 , 15 , 2 , 17 , 4 , 14 , 0 , 19 , 16 , 22 , 4 , 4 , 20 , 21 , 14 , 24 , 11 , 13 , 11 , 6 , 8 , 6 , 14 , 17 , 17 , 11 , 20 , 8 , 17 , 17 , 3 , 2 , 18 , 3 , 10 , 24 , 7 , 21 , 18 , 8 , 24 , 3 , 6 , 5 , 21 , 4 , 4 , 14 , 4 , 4 , 3 , 0 , 19 , 23 , 19 , 5 , 13 , 14 , 7 , 7 , 16 , 2 , 23 , 9 , 16 , 5 , 14 , 9 , 10 , 22 , 12 , 17 , 12 , 3 , 6 , 15 , 3 , 17 , 7 , 18 , 20 , 8 , 3 , 24 , 17 , 8 , 22 , 15 , 11 , 8 , 2 , 7 , 1 , 9 , 0 , 10 , 2 , 13 , 2 , 19 , 24 , 1 , 18 , 20 , 1 , 21 , 23 , 9 , 21 , 7 , 14 , 17 , 20 , 4 , 24 , 22 , 0 , 5 , 5 , 2 , 6 , 13 , 3 , 16 , 21 , 5 , 22 , 5 , 18 , 19 , 12 , 5 , 7 , 23 , 0 , 10 , 22 , 8 , 13 , 5 , 15 , 10 , 20 , 0 , 22 , 15 , 0 , 18 , 19 , 8 , 20 , 21 , 21 , 15 , 23 , 21 , 22 , 10 , 22 , 1 , 22 , 13 , 6 , 18 , 16 , 13 , 6 , 15 , 
Bins: 49 , 36 , 45 , 49 , 49 , 49 , 49 , 49 , 49 , 16 , 45 , 27 , 36 , 36 , 49 , 49 , 20 , 45 , 36 , 49 , 49 , 49 , 49 , 49 , 36 , 
Cost: 389075
time: 29.139235
nImprovAfterGreedy: 53
nImprovAfterRandom: 53
nMigrate: 151539
nSwap: 120951
n: 200
m: 50
Seed: 28893
