Items: 3 , 4 , 3 , 2 , 3 , 0 , 6 , 5 , 6 , 13 , 20 , 9 , 10 , 19 , 13 , 11 , 8 , 10 , 11 , 13 , 23 , 12 , 11 , 8 , 20 , 7 , 14 , 0 , 7 , 20 , 16 , 13 , 21 , 7 , 21 , 2 , 12 , 23 , 16 , 1 , 23 , 4 , 8 , 13 , 17 , 5 , 8 , 0 , 1 , 12 , 2 , 23 , 9 , 17 , 13 , 15 , 15 , 0 , 20 , 8 , 15 , 15 , 14 , 11 , 6 , 1 , 1 , 7 , 10 , 12 , 19 , 13 , 0 , 7 , 9 , 3 , 5 , 22 , 3 , 13 , 22 , 14 , 7 , 20 , 17 , 9 , 20 , 18 , 8 , 20 , 10 , 4 , 6 , 21 , 9 , 7 , 2 , 18 , 20 , 16 , 1 , 14 , 13 , 15 , 7 , 0 , 0 , 21 , 6 , 15 , 10 , 19 , 7 , 21 , 3 , 22 , 12 , 19 , 4 , 2 , 18 , 12 , 24 , 10 , 16 , 23 , 21 , 14 , 24 , 21 , 24 , 2 , 0 , 6 , 19 , 18 , 4 , 5 , 21 , 16 , 5 , 10 , 3 , 15 , 24 , 3 , 0 , 6 , 11 , 17 , 18 , 21 , 9 , 6 , 8 , 24 , 10 , 2 , 14 , 12 , 19 , 4 , 2 , 7 , 10 , 9 , 2 , 1 , 4 , 8 , 12 , 20 , 16 , 19 , 3 , 22 , 1 , 18 , 11 , 19 , 4 , 12 , 5 , 5 , 5 , 17 , 16 , 5 , 4 , 1 , 11 , 22 , 14 , 12 , 6 , 19 , 24 , 5 , 23 , 16 , 
Bins: 19 , 19 , 19 , 19 , 19 , 19 , 19 , 19 , 19 , 19 , 19 , 19 , 19 , 19 , 11 , 11 , 19 , 8 , 11 , 19 , 19 , 19 , 11 , 8 , 11 , 
Cost: 389716
time: 32.632431
nImprovAfterGreedy: 54
nImprovAfterRandom: 54
nMigrate: 265518
nSwap: 148312
n: 200
m: 20
Seed: 29734
