Items: 5 , 9 , 14 , 5 , 10 , 2 , 7 , 11 , 5 , 15 , 1 , 3 , 11 , 12 , 9 , 14 , 0 , 1 , 12 , 12 , 9 , 6 , 6 , 15 , 1 , 6 , 17 , 6 , 6 , 1 , 10 , 8 , 8 , 3 , 8 , 8 , 0 , 16 , 4 , 5 , 15 , 0 , 0 , 17 , 0 , 2 , 8 , 17 , 2 , 4 , 13 , 16 , 10 , 11 , 16 , 8 , 7 , 2 , 1 , 13 , 7 , 0 , 6 , 15 , 7 , 5 , 13 , 14 , 4 , 11 , 12 , 2 , 14 , 5 , 10 , 10 , 11 , 9 , 0 , 5 , 14 , 13 , 5 , 1 , 16 , 9 , 1 , 9 , 0 , 16 , 4 , 4 , 2 , 8 , 3 , 6 , 13 , 3 , 1 , 3 , 
Bins: 19 , 19 , 15 , 15 , 4 , 18 , 15 , 17 , 15 , 18 , 15 , 15 , 15 , 15 , 15 , 9 , 15 , 12 , 
Cost: 101213
time: 7.887886
nImprovAfterGreedy: 32
nImprovAfterRandom: 32
nMigrate: 128054
nSwap: 96809
n: 100
m: 20
Seed: 83972
