Items: 13 , 21 , 18 , 11 , 25 , 3 , 11 , 13 , 12 , 26 , 11 , 31 , 14 , 1 , 0 , 5 , 16 , 14 , 5 , 24 , 19 , 0 , 21 , 16 , 10 , 17 , 24 , 15 , 17 , 18 , 12 , 26 , 26 , 17 , 18 , 1 , 0 , 19 , 13 , 25 , 30 , 28 , 31 , 0 , 28 , 24 , 27 , 20 , 3 , 6 , 1 , 19 , 23 , 21 , 23 , 18 , 2 , 24 , 7 , 23 , 2 , 15 , 4 , 22 , 11 , 9 , 29 , 20 , 29 , 14 , 9 , 24 , 17 , 15 , 4 , 21 , 5 , 22 , 0 , 18 , 21 , 25 , 7 , 11 , 25 , 31 , 12 , 31 , 17 , 17 , 12 , 28 , 3 , 18 , 13 , 17 , 7 , 10 , 27 , 16 , 22 , 9 , 26 , 2 , 26 , 9 , 14 , 22 , 7 , 17 , 2 , 1 , 8 , 1 , 7 , 12 , 1 , 29 , 8 , 8 , 10 , 6 , 7 , 14 , 31 , 16 , 11 , 9 , 15 , 8 , 23 , 27 , 3 , 29 , 30 , 10 , 28 , 7 , 31 , 16 , 24 , 11 , 4 , 15 , 20 , 0 , 3 , 3 , 5 , 27 , 23 , 8 , 4 , 8 , 7 , 18 , 13 , 25 , 13 , 6 , 30 , 21 , 10 , 17 , 14 , 1 , 19 , 29 , 28 , 27 , 6 , 6 , 12 , 9 , 13 , 3 , 29 , 10 , 5 , 18 , 27 , 19 , 20 , 13 , 22 , 22 , 23 , 5 , 21 , 29 , 28 , 20 , 26 , 24 , 8 , 25 , 15 , 5 , 4 , 12 , 
Bins: 48 , 48 , 13 , 46 , 27 , 48 , 18 , 49 , 44 , 38 , 38 , 47 , 48 , 47 , 48 , 44 , 39 , 48 , 46 , 38 , 38 , 48 , 44 , 38 , 48 , 44 , 38 , 44 , 38 , 48 , 13 , 44 , 
Cost: 416419
time: 34.129675
nImprovAfterGreedy: 71
nImprovAfterRandom: 71
nMigrate: 159925
nSwap: 126508
n: 200
m: 50
Seed: 98043
