Items: 10 , 9 , 13 , 18 , 10 , 17 , 9 , 8 , 5 , 2 , 15 , 11 , 13 , 4 , 0 , 14 , 1 , 15 , 4 , 18 , 8 , 12 , 4 , 1 , 15 , 12 , 7 , 6 , 12 , 15 , 12 , 1 , 1 , 16 , 10 , 14 , 16 , 8 , 11 , 11 , 13 , 17 , 16 , 7 , 17 , 16 , 5 , 2 , 17 , 1 , 3 , 3 , 3 , 9 , 2 , 2 , 7 , 16 , 15 , 18 , 7 , 18 , 12 , 12 , 9 , 3 , 14 , 14 , 11 , 13 , 4 , 18 , 2 , 6 , 10 , 6 , 8 , 0 , 10 , 13 , 6 , 0 , 5 , 15 , 3 , 11 , 15 , 0 , 16 , 0 , 5 , 5 , 17 , 2 , 5 , 16 , 18 , 4 , 15 , 16 , 
Bins: 19 , 37 , 37 , 37 , 37 , 19 , 0 , 13 , 13 , 11 , 23 , 19 , 37 , 17 , 13 , 49 , 48 , 17 , 37 , 
Cost: 137502
time: 9.382464
nImprovAfterGreedy: 30
nImprovAfterRandom: 30
nMigrate: 122311
nSwap: 126840
n: 100
m: 50
Seed: 27389
