Items: 3 , 21 , 9 , 29 , 4 , 13 , 13 , 24 , 18 , 8 , 2 , 5 , 7 , 1 , 8 , 15 , 17 , 18 , 1 , 30 , 19 , 4 , 21 , 12 , 28 , 15 , 6 , 2 , 26 , 25 , 15 , 17 , 12 , 16 , 20 , 20 , 4 , 19 , 27 , 10 , 32 , 5 , 4 , 11 , 27 , 7 , 17 , 6 , 15 , 23 , 24 , 19 , 34 , 21 , 0 , 20 , 16 , 7 , 29 , 24 , 9 , 16 , 3 , 0 , 14 , 35 , 13 , 22 , 33 , 23 , 1 , 17 , 8 , 29 , 10 , 2 , 28 , 18 , 4 , 8 , 2 , 30 , 29 , 14 , 29 , 9 , 22 , 21 , 25 , 0 , 33 , 31 , 3 , 20 , 5 , 25 , 23 , 17 , 9 , 25 , 13 , 11 , 25 , 16 , 12 , 26 , 10 , 9 , 29 , 10 , 18 , 1 , 22 , 24 , 3 , 22 , 24 , 24 , 19 , 35 , 12 , 34 , 32 , 33 , 7 , 26 , 14 , 11 , 0 , 10 , 0 , 34 , 6 , 5 , 32 , 1 , 31 , 8 , 30 , 25 , 7 , 11 , 9 , 34 , 27 , 2 , 6 , 5 , 14 , 21 , 17 , 20 , 6 , 27 , 17 , 33 , 8 , 18 , 8 , 13 , 32 , 11 , 18 , 14 , 33 , 26 , 35 , 26 , 31 , 28 , 23 , 2 , 15 , 32 , 3 , 31 , 18 , 28 , 14 , 0 , 34 , 4 , 27 , 27 , 14 , 24 , 31 , 8 , 18 , 26 , 31 , 7 , 12 , 23 , 27 , 30 , 19 , 27 , 19 , 15 , 
Bins: 8 , 8 , 8 , 8 , 8 , 8 , 8 , 8 , 9 , 9 , 8 , 8 , 8 , 8 , 9 , 8 , 8 , 8 , 9 , 8 , 3 , 8 , 8 , 8 , 8 , 8 , 8 , 8 , 8 , 8 , 3 , 8 , 8 , 8 , 3 , 0 , 
Cost: 468878
time: 38.943046
nImprovAfterGreedy: 39
nImprovAfterRandom: 39
nMigrate: 248341
nSwap: 149924
n: 200
m: 10
Seed: 57218
