Items: 14 , 8 , 2 , 1 , 3 , 6 , 6 , 1 , 2 , 8 , 2 , 12 , 5 , 14 , 3 , 14 , 8 , 5 , 14 , 11 , 13 , 0 , 14 , 8 , 9 , 7 , 11 , 0 , 7 , 2 , 0 , 11 , 4 , 7 , 4 , 1 , 3 , 13 , 6 , 9 , 11 , 5 , 1 , 11 , 5 , 1 , 2 , 13 , 6 , 4 , 1 , 13 , 3 , 9 , 10 , 7 , 0 , 6 , 9 , 10 , 0 , 7 , 0 , 15 , 0 , 1 , 4 , 13 , 4 , 5 , 12 , 11 , 14 , 7 , 15 , 8 , 5 , 3 , 3 , 11 , 7 , 13 , 1 , 2 , 9 , 3 , 10 , 8 , 8 , 2 , 2 , 2 , 6 , 4 , 12 , 7 , 10 , 12 , 2 , 12 , 
Bins: 9 , 9 , 9 , 9 , 8 , 8 , 9 , 8 , 9 , 9 , 2 , 8 , 8 , 8 , 9 , 0 , 
Cost: 99996
time: 7.832518
nImprovAfterGreedy: 27
nImprovAfterRandom: 27
nMigrate: 175849
nSwap: 117318
n: 100
m: 10
Seed: 96591
