Items: 6 , 16 , 2 , 4 , 5 , 11 , 27 , 6 , 15 , 24 , 2 , 13 , 1 , 12 , 7 , 4 , 7 , 23 , 26 , 12 , 21 , 21 , 26 , 24 , 23 , 4 , 0 , 14 , 19 , 2 , 5 , 7 , 0 , 10 , 22 , 12 , 22 , 2 , 10 , 24 , 18 , 9 , 15 , 7 , 9 , 15 , 6 , 14 , 11 , 17 , 6 , 15 , 14 , 16 , 2 , 15 , 21 , 11 , 23 , 8 , 5 , 12 , 20 , 24 , 4 , 6 , 13 , 17 , 5 , 1 , 10 , 7 , 14 , 4 , 16 , 3 , 25 , 23 , 7 , 2 , 3 , 5 , 4 , 17 , 19 , 13 , 18 , 16 , 7 , 2 , 5 , 17 , 11 , 22 , 10 , 21 , 11 , 25 , 2 , 10 , 23 , 3 , 2 , 16 , 13 , 14 , 16 , 25 , 6 , 10 , 5 , 0 , 26 , 6 , 20 , 9 , 6 , 21 , 23 , 6 , 25 , 21 , 24 , 1 , 15 , 8 , 22 , 13 , 24 , 2 , 22 , 9 , 14 , 21 , 18 , 9 , 17 , 15 , 0 , 10 , 11 , 1 , 17 , 12 , 20 , 3 , 14 , 12 , 4 , 16 , 7 , 22 , 10 , 20 , 20 , 22 , 15 , 16 , 20 , 21 , 18 , 0 , 4 , 4 , 1 , 19 , 6 , 8 , 17 , 8 , 3 , 3 , 5 , 13 , 15 , 19 , 5 , 25 , 4 , 3 , 9 , 21 , 15 , 15 , 4 , 25 , 27 , 15 , 5 , 8 , 22 , 19 , 18 , 7 , 20 , 0 , 22 , 1 , 16 , 12 , 
Bins: 18 , 18 , 19 , 14 , 19 , 19 , 19 , 19 , 14 , 14 , 19 , 16 , 13 , 18 , 17 , 19 , 19 , 16 , 2 , 14 , 14 , 19 , 19 , 17 , 17 , 14 , 1 , 0 , 
Cost: 418188
time: 38.762374
nImprovAfterGreedy: 42
nImprovAfterRandom: 42
nMigrate: 229607
nSwap: 192330
n: 200
m: 20
Seed: 7581
