Items: 4 , 14 , 3 , 8 , 4 , 13 , 13 , 14 , 11 , 7 , 8 , 12 , 1 , 16 , 9 , 2 , 6 , 9 , 16 , 17 , 5 , 7 , 1 , 2 , 8 , 12 , 6 , 7 , 12 , 3 , 16 , 6 , 6 , 13 , 0 , 15 , 0 , 5 , 13 , 13 , 15 , 0 , 9 , 17 , 0 , 17 , 10 , 7 , 13 , 2 , 15 , 5 , 4 , 1 , 4 , 12 , 12 , 7 , 8 , 4 , 13 , 12 , 11 , 11 , 6 , 5 , 9 , 14 , 9 , 15 , 16 , 6 , 2 , 8 , 11 , 1 , 10 , 9 , 0 , 3 , 14 , 3 , 8 , 14 , 5 , 9 , 4 , 1 , 2 , 3 , 10 , 14 , 11 , 0 , 10 , 7 , 15 , 10 , 3 , 17 , 
Bins: 8 , 8 , 8 , 8 , 8 , 8 , 8 , 8 , 8 , 9 , 3 , 8 , 8 , 9 , 8 , 8 , 8 , 3 , 
Cost: 139732
time: 9.691104
nImprovAfterGreedy: 27
nImprovAfterRandom: 27
nMigrate: 201140
nSwap: 145620
n: 100
m: 10
Seed: 8981
