Items: 1 , 7 , 10 , 0 , 1 , 15 , 4 , 0 , 0 , 3 , 4 , 9 , 10 , 5 , 6 , 14 , 12 , 0 , 5 , 12 , 13 , 2 , 13 , 8 , 17 , 8 , 3 , 4 , 8 , 10 , 2 , 3 , 3 , 9 , 7 , 0 , 6 , 13 , 1 , 16 , 12 , 12 , 6 , 1 , 7 , 15 , 11 , 3 , 15 , 2 , 5 , 13 , 14 , 16 , 11 , 3 , 4 , 15 , 17 , 11 , 4 , 13 , 2 , 17 , 4 , 0 , 7 , 14 , 2 , 10 , 5 , 15 , 14 , 0 , 17 , 16 , 11 , 6 , 1 , 10 , 14 , 2 , 0 , 4 , 16 , 6 , 12 , 6 , 8 , 6 , 8 , 7 , 15 , 7 , 9 , 8 , 11 , 9 , 10 , 9 , 
Bins: 9 , 3 , 8 , 8 , 9 , 8 , 9 , 8 , 8 , 8 , 8 , 8 , 8 , 8 , 8 , 8 , 8 , 4 , 
Cost: 115016
time: 8.798373
nImprovAfterGreedy: 43
nImprovAfterRandom: 43
nMigrate: 191945
nSwap: 119422
n: 100
m: 10
Seed: 40409
