Items: 14 , 6 , 30 , 23 , 32 , 16 , 14 , 3 , 0 , 12 , 3 , 21 , 22 , 10 , 6 , 11 , 8 , 9 , 18 , 10 , 4 , 6 , 4 , 8 , 15 , 0 , 2 , 22 , 0 , 18 , 34 , 12 , 13 , 24 , 29 , 16 , 17 , 4 , 9 , 30 , 25 , 20 , 29 , 2 , 20 , 19 , 12 , 2 , 24 , 8 , 3 , 5 , 34 , 19 , 12 , 13 , 33 , 29 , 23 , 23 , 24 , 17 , 7 , 17 , 14 , 0 , 31 , 7 , 9 , 18 , 5 , 2 , 30 , 14 , 5 , 1 , 26 , 6 , 17 , 18 , 1 , 6 , 0 , 3 , 23 , 21 , 32 , 1 , 8 , 6 , 9 , 28 , 7 , 13 , 24 , 0 , 25 , 26 , 1 , 19 , 31 , 22 , 12 , 19 , 8 , 22 , 22 , 30 , 14 , 24 , 9 , 21 , 29 , 13 , 31 , 32 , 16 , 14 , 2 , 16 , 3 , 14 , 25 , 33 , 29 , 31 , 30 , 21 , 12 , 30 , 23 , 23 , 32 , 20 , 25 , 20 , 28 , 18 , 27 , 19 , 29 , 22 , 29 , 16 , 27 , 17 , 32 , 20 , 13 , 1 , 15 , 16 , 7 , 7 , 12 , 11 , 9 , 26 , 6 , 15 , 25 , 10 , 26 , 0 , 3 , 11 , 4 , 31 , 28 , 33 , 24 , 26 , 27 , 21 , 15 , 28 , 20 , 5 , 13 , 14 , 32 , 34 , 27 , 27 , 27 , 3 , 28 , 26 , 9 , 11 , 28 , 4 , 12 , 15 , 6 , 10 , 11 , 18 , 5 , 24 , 
Bins: 8 , 8 , 8 , 8 , 8 , 8 , 9 , 8 , 8 , 6 , 6 , 8 , 8 , 8 , 9 , 6 , 8 , 8 , 8 , 8 , 8 , 8 , 8 , 8 , 9 , 8 , 8 , 8 , 8 , 9 , 9 , 8 , 8 , 3 , 3 , 
Cost: 469053
time: 42.784235
nImprovAfterGreedy: 53
nImprovAfterRandom: 53
nMigrate: 285801
nSwap: 181454
n: 200
m: 10
Seed: 14754
