Items: 7 , 8 , 8 , 10 , 5 , 9 , 9 , 13 , 10 , 10 , 4 , 14 , 5 , 7 , 6 , 7 , 3 , 5 , 7 , 15 , 2 , 0 , 7 , 0 , 4 , 0 , 11 , 0 , 0 , 5 , 1 , 3 , 3 , 0 , 15 , 10 , 6 , 2 , 9 , 12 , 11 , 15 , 6 , 11 , 15 , 8 , 3 , 11 , 9 , 8 , 13 , 2 , 1 , 12 , 2 , 10 , 10 , 9 , 4 , 15 , 1 , 10 , 1 , 4 , 3 , 12 , 14 , 8 , 14 , 5 , 14 , 11 , 7 , 10 , 1 , 12 , 14 , 6 , 6 , 2 , 6 , 2 , 10 , 4 , 12 , 14 , 5 , 6 , 0 , 2 , 8 , 8 , 9 , 15 , 13 , 0 , 13 , 13 , 4 , 11 , 
Bins: 9 , 6 , 6 , 1 , 9 , 6 , 9 , 9 , 6 , 9 , 9 , 6 , 9 , 6 , 6 , 6 , 
Cost: 102064
time: 7.751545
nImprovAfterGreedy: 32
nImprovAfterRandom: 32
nMigrate: 200094
nSwap: 114540
n: 100
m: 10
Seed: 9101
