Items: 0 , 1 , 4 , 2 , 0 , 3 , 4 , 1 , 12 , 11 , 7 , 3 , 10 , 13 , 2 , 14 , 11 , 7 , 13 , 9 , 4 , 2 , 0 , 15 , 7 , 6 , 9 , 2 , 6 , 7 , 5 , 11 , 15 , 16 , 10 , 10 , 2 , 11 , 14 , 17 , 16 , 9 , 2 , 14 , 9 , 12 , 11 , 14 , 3 , 15 , 13 , 1 , 5 , 8 , 11 , 10 , 8 , 3 , 7 , 5 , 4 , 9 , 9 , 17 , 4 , 6 , 6 , 1 , 6 , 10 , 13 , 3 , 15 , 2 , 0 , 0 , 17 , 2 , 0 , 11 , 1 , 5 , 12 , 7 , 8 , 6 , 5 , 14 , 15 , 7 , 12 , 12 , 12 , 10 , 4 , 16 , 1 , 3 , 7 , 16 , 
Bins: 15 , 15 , 18 , 15 , 18 , 15 , 15 , 19 , 4 , 15 , 15 , 15 , 15 , 15 , 4 , 15 , 4 , 4 , 
Cost: 139686
time: 10.723148
nImprovAfterGreedy: 34
nImprovAfterRandom: 34
nMigrate: 178580
nSwap: 172635
n: 100
m: 20
Seed: 39962
