Items: 4 , 6 , 7 , 1 , 0 , 13 , 8 , 7 , 1 , 1 , 10 , 14 , 11 , 8 , 0 , 7 , 8 , 11 , 4 , 2 , 3 , 5 , 4 , 8 , 10 , 5 , 2 , 5 , 5 , 3 , 9 , 2 , 14 , 5 , 12 , 1 , 0 , 3 , 4 , 6 , 2 , 12 , 0 , 2 , 12 , 12 , 15 , 13 , 4 , 14 , 13 , 3 , 9 , 6 , 3 , 1 , 1 , 13 , 10 , 15 , 9 , 1 , 9 , 10 , 8 , 6 , 14 , 7 , 14 , 11 , 15 , 2 , 5 , 1 , 9 , 7 , 11 , 0 , 0 , 2 , 7 , 3 , 1 , 10 , 6 , 14 , 15 , 0 , 5 , 3 , 15 , 7 , 4 , 12 , 15 , 5 , 13 , 15 , 10 , 12 , 
Bins: 9 , 9 , 8 , 8 , 9 , 9 , 9 , 8 , 7 , 8 , 9 , 1 , 8 , 8 , 8 , 8 , 
Cost: 100125
time: 7.892220
nImprovAfterGreedy: 27
nImprovAfterRandom: 27
nMigrate: 185852
nSwap: 117488
n: 100
m: 10
Seed: 17958
