Items: 23 , 15 , 9 , 10 , 27 , 17 , 5 , 34 , 5 , 32 , 27 , 3 , 24 , 16 , 13 , 31 , 32 , 18 , 31 , 2 , 28 , 28 , 15 , 1 , 15 , 26 , 1 , 28 , 1 , 5 , 8 , 32 , 31 , 10 , 10 , 26 , 4 , 24 , 23 , 9 , 2 , 12 , 5 , 20 , 12 , 6 , 22 , 28 , 15 , 32 , 0 , 14 , 21 , 6 , 11 , 33 , 33 , 17 , 7 , 22 , 1 , 33 , 14 , 19 , 18 , 10 , 25 , 30 , 21 , 24 , 16 , 32 , 28 , 10 , 14 , 27 , 6 , 13 , 27 , 5 , 30 , 26 , 10 , 26 , 17 , 13 , 8 , 13 , 32 , 13 , 8 , 12 , 5 , 11 , 3 , 19 , 0 , 21 , 22 , 29 , 7 , 27 , 11 , 33 , 31 , 21 , 14 , 9 , 18 , 14 , 26 , 16 , 10 , 34 , 9 , 8 , 34 , 18 , 24 , 29 , 0 , 18 , 19 , 22 , 5 , 25 , 11 , 16 , 19 , 9 , 19 , 20 , 30 , 3 , 7 , 26 , 12 , 6 , 4 , 29 , 6 , 34 , 7 , 29 , 30 , 27 , 28 , 3 , 19 , 20 , 0 , 11 , 2 , 29 , 22 , 4 , 23 , 21 , 23 , 17 , 7 , 13 , 32 , 0 , 34 , 26 , 18 , 25 , 12 , 22 , 1 , 21 , 8 , 16 , 23 , 17 , 25 , 15 , 31 , 10 , 20 , 18 , 30 , 23 , 30 , 0 , 33 , 23 , 25 , 25 , 12 , 17 , 4 , 1 , 23 , 24 , 4 , 33 , 14 , 2 , 
Bins: 8 , 9 , 3 , 8 , 8 , 9 , 8 , 8 , 8 , 9 , 9 , 3 , 8 , 9 , 8 , 8 , 8 , 8 , 9 , 8 , 3 , 8 , 8 , 9 , 8 , 8 , 8 , 8 , 9 , 8 , 8 , 8 , 8 , 8 , 3 , 
Cost: 420591
time: 37.266555
nImprovAfterGreedy: 52
nImprovAfterRandom: 52
nMigrate: 240939
nSwap: 137652
n: 200
m: 10
Seed: 10929
