Items: 9 , 14 , 9 , 8 , 6 , 15 , 0 , 8 , 0 , 3 , 5 , 2 , 15 , 9 , 13 , 9 , 11 , 5 , 7 , 4 , 14 , 4 , 14 , 3 , 5 , 1 , 9 , 3 , 1 , 5 , 6 , 12 , 12 , 1 , 12 , 1 , 11 , 16 , 14 , 9 , 7 , 15 , 11 , 13 , 15 , 4 , 11 , 4 , 15 , 12 , 7 , 16 , 6 , 4 , 16 , 1 , 2 , 4 , 5 , 8 , 2 , 1 , 0 , 0 , 0 , 8 , 2 , 10 , 12 , 7 , 8 , 4 , 3 , 1 , 6 , 11 , 10 , 13 , 11 , 13 , 11 , 13 , 8 , 5 , 16 , 6 , 5 , 14 , 11 , 16 , 3 , 14 , 15 , 12 , 10 , 3 , 8 , 10 , 5 , 3 , 
Bins: 48 , 38 , 13 , 44 , 48 , 49 , 27 , 38 , 39 , 47 , 27 , 48 , 38 , 30 , 44 , 39 , 38 , 
Cost: 113722
time: 8.969295
nImprovAfterGreedy: 28
nImprovAfterRandom: 28
nMigrate: 111033
nSwap: 126561
n: 100
m: 50
Seed: 37060
