Items: 22 , 13 , 6 , 2 , 28 , 25 , 6 , 22 , 2 , 7 , 1 , 31 , 30 , 15 , 32 , 17 , 0 , 10 , 17 , 10 , 9 , 13 , 23 , 12 , 14 , 17 , 0 , 26 , 23 , 4 , 5 , 0 , 12 , 13 , 13 , 16 , 28 , 9 , 22 , 24 , 27 , 8 , 13 , 11 , 29 , 10 , 14 , 25 , 15 , 18 , 34 , 9 , 11 , 29 , 4 , 26 , 26 , 10 , 1 , 3 , 6 , 26 , 18 , 12 , 7 , 2 , 31 , 21 , 31 , 30 , 31 , 0 , 25 , 7 , 34 , 28 , 30 , 32 , 28 , 2 , 19 , 32 , 2 , 1 , 29 , 2 , 1 , 3 , 0 , 1 , 33 , 18 , 15 , 4 , 20 , 13 , 16 , 14 , 1 , 20 , 34 , 16 , 4 , 26 , 17 , 20 , 34 , 24 , 2 , 6 , 33 , 19 , 2 , 33 , 15 , 19 , 21 , 13 , 8 , 16 , 14 , 13 , 10 , 27 , 15 , 20 , 24 , 32 , 10 , 24 , 4 , 11 , 19 , 4 , 27 , 14 , 18 , 15 , 5 , 5 , 10 , 33 , 7 , 16 , 8 , 28 , 25 , 21 , 17 , 29 , 0 , 24 , 21 , 21 , 10 , 8 , 22 , 3 , 22 , 25 , 27 , 19 , 7 , 7 , 33 , 23 , 9 , 20 , 18 , 3 , 16 , 1 , 1 , 16 , 22 , 23 , 19 , 14 , 12 , 13 , 11 , 9 , 29 , 22 , 7 , 29 , 5 , 22 , 19 , 19 , 24 , 23 , 12 , 0 , 21 , 30 , 8 , 26 , 34 , 5 , 
Bins: 19 , 19 , 18 , 4 , 15 , 15 , 13 , 18 , 15 , 15 , 19 , 4 , 15 , 18 , 15 , 18 , 19 , 15 , 16 , 19 , 15 , 15 , 18 , 15 , 17 , 15 , 15 , 15 , 15 , 19 , 15 , 15 , 9 , 4 , 19 , 
Cost: 392319
time: 29.701802
nImprovAfterGreedy: 42
nImprovAfterRandom: 42
nMigrate: 137025
nSwap: 91623
n: 200
m: 20
Seed: 516
