Items: 12 , 14 , 6 , 1 , 2 , 5 , 5 , 1 , 1 , 8 , 6 , 7 , 2 , 9 , 8 , 9 , 3 , 9 , 9 , 5 , 0 , 13 , 12 , 3 , 8 , 7 , 14 , 12 , 3 , 6 , 13 , 8 , 9 , 11 , 4 , 1 , 11 , 6 , 5 , 4 , 14 , 11 , 7 , 2 , 11 , 1 , 6 , 12 , 5 , 13 , 10 , 0 , 12 , 14 , 15 , 7 , 7 , 5 , 4 , 15 , 13 , 7 , 13 , 4 , 3 , 1 , 13 , 0 , 13 , 10 , 10 , 8 , 12 , 8 , 3 , 2 , 0 , 8 , 2 , 6 , 0 , 0 , 1 , 6 , 4 , 8 , 9 , 5 , 11 , 6 , 1 , 1 , 2 , 15 , 10 , 11 , 15 , 10 , 6 , 11 , 
Bins: 7 , 9 , 7 , 6 , 9 , 9 , 9 , 7 , 9 , 9 , 7 , 7 , 9 , 7 , 1 , 2 , 
Cost: 115005
time: 9.586952
nImprovAfterGreedy: 18
nImprovAfterRandom: 18
nMigrate: 231798
nSwap: 167016
n: 100
m: 10
Seed: 81212
