Items: 15 , 5 , 2 , 6 , 4 , 9 , 11 , 6 , 7 , 3 , 2 , 8 , 5 , 15 , 8 , 15 , 3 , 1 , 10 , 12 , 9 , 14 , 5 , 13 , 5 , 7 , 13 , 15 , 13 , 2 , 14 , 3 , 3 , 0 , 12 , 7 , 0 , 2 , 10 , 4 , 13 , 9 , 4 , 1 , 9 , 12 , 3 , 1 , 9 , 14 , 10 , 15 , 1 , 5 , 3 , 7 , 7 , 12 , 5 , 6 , 11 , 7 , 14 , 4 , 11 , 6 , 10 , 11 , 14 , 1 , 6 , 12 , 15 , 11 , 4 , 2 , 7 , 8 , 4 , 2 , 8 , 14 , 6 , 11 , 13 , 8 , 10 , 8 , 0 , 2 , 0 , 12 , 9 , 12 , 10 , 0 , 6 , 0 , 2 , 0 , 
Bins: 48 , 48 , 48 , 38 , 44 , 49 , 40 , 48 , 44 , 40 , 48 , 47 , 48 , 46 , 38 , 44 , 
Cost: 99594
time: 7.919771
nImprovAfterGreedy: 28
nImprovAfterRandom: 28
nMigrate: 104560
nSwap: 106833
n: 100
m: 50
Seed: 51272
