Items: 11 , 6 , 15 , 3 , 9 , 23 , 18 , 4 , 7 , 17 , 16 , 10 , 28 , 11 , 0 , 15 , 9 , 25 , 11 , 14 , 8 , 6 , 19 , 1 , 17 , 10 , 14 , 0 , 1 , 16 , 3 , 17 , 26 , 10 , 3 , 3 , 9 , 8 , 8 , 30 , 15 , 25 , 7 , 14 , 12 , 7 , 9 , 19 , 20 , 6 , 2 , 13 , 20 , 13 , 30 , 27 , 27 , 7 , 16 , 2 , 27 , 27 , 13 , 18 , 17 , 28 , 18 , 8 , 12 , 22 , 22 , 14 , 0 , 17 , 13 , 23 , 4 , 0 , 9 , 14 , 0 , 5 , 3 , 16 , 30 , 1 , 26 , 23 , 1 , 16 , 1 , 8 , 7 , 3 , 31 , 1 , 2 , 23 , 16 , 29 , 18 , 2 , 17 , 27 , 10 , 20 , 13 , 4 , 4 , 10 , 5 , 22 , 14 , 19 , 27 , 26 , 6 , 12 , 25 , 4 , 28 , 6 , 24 , 15 , 7 , 20 , 3 , 26 , 24 , 4 , 24 , 12 , 19 , 5 , 15 , 28 , 25 , 7 , 21 , 29 , 7 , 26 , 16 , 21 , 24 , 19 , 19 , 5 , 11 , 12 , 9 , 3 , 31 , 21 , 9 , 24 , 1 , 23 , 10 , 23 , 22 , 30 , 17 , 1 , 15 , 20 , 21 , 20 , 25 , 2 , 6 , 23 , 1 , 22 , 11 , 8 , 5 , 17 , 11 , 10 , 12 , 6 , 21 , 21 , 21 , 12 , 29 , 4 , 5 , 5 , 25 , 0 , 30 , 14 , 6 , 22 , 24 , 21 , 13 , 10 , 
Bins: 9 , 9 , 6 , 9 , 9 , 6 , 9 , 9 , 6 , 6 , 6 , 9 , 9 , 6 , 9 , 6 , 9 , 9 , 6 , 6 , 6 , 6 , 6 , 6 , 6 , 6 , 6 , 6 , 1 , 1 , 9 , 0 , 
Cost: 394149
time: 33.522269
nImprovAfterGreedy: 43
nImprovAfterRandom: 43
nMigrate: 221649
nSwap: 138520
n: 200
m: 10
Seed: 15836
