Items: 23 , 19 , 16 , 2 , 26 , 6 , 28 , 5 , 11 , 7 , 22 , 13 , 8 , 18 , 3 , 23 , 3 , 17 , 10 , 12 , 27 , 28 , 27 , 13 , 22 , 13 , 7 , 8 , 28 , 22 , 23 , 7 , 10 , 13 , 2 , 2 , 9 , 20 , 23 , 30 , 7 , 12 , 11 , 3 , 1 , 11 , 12 , 0 , 6 , 17 , 5 , 19 , 1 , 8 , 19 , 11 , 24 , 11 , 22 , 19 , 16 , 24 , 21 , 14 , 15 , 18 , 6 , 15 , 1 , 5 , 14 , 3 , 0 , 15 , 21 , 26 , 29 , 15 , 26 , 3 , 15 , 17 , 2 , 22 , 30 , 18 , 10 , 21 , 3 , 27 , 16 , 27 , 6 , 2 , 25 , 18 , 19 , 4 , 22 , 25 , 14 , 9 , 7 , 24 , 13 , 8 , 8 , 16 , 18 , 13 , 12 , 5 , 20 , 5 , 16 , 10 , 5 , 25 , 20 , 29 , 4 , 28 , 14 , 16 , 11 , 25 , 2 , 18 , 14 , 0 , 2 , 1 , 2 , 6 , 7 , 4 , 17 , 11 , 21 , 24 , 11 , 9 , 26 , 24 , 12 , 26 , 0 , 12 , 23 , 21 , 4 , 2 , 29 , 30 , 12 , 20 , 11 , 19 , 5 , 6 , 7 , 9 , 15 , 15 , 16 , 17 , 27 , 25 , 27 , 17 , 9 , 0 , 25 , 18 , 20 , 27 , 12 , 4 , 10 , 13 , 3 , 1 , 28 , 28 , 15 , 4 , 23 , 0 , 12 , 8 , 0 , 26 , 11 , 9 , 1 , 22 , 20 , 28 , 19 , 23 , 
Bins: 9 , 9 , 9 , 9 , 7 , 7 , 7 , 7 , 7 , 9 , 7 , 9 , 7 , 7 , 7 , 9 , 9 , 7 , 9 , 7 , 9 , 7 , 9 , 9 , 7 , 9 , 7 , 7 , 6 , 1 , 0 , 
Cost: 419315
time: 36.455274
nImprovAfterGreedy: 43
nImprovAfterRandom: 43
nMigrate: 264144
nSwap: 158395
n: 200
m: 10
Seed: 64090
