Items: 10 , 10 , 2 , 1 , 8 , 9 , 1 , 1 , 1 , 13 , 3 , 15 , 14 , 11 , 11 , 12 , 14 , 3 , 11 , 0 , 6 , 13 , 10 , 7 , 3 , 0 , 16 , 0 , 1 , 3 , 5 , 4 , 4 , 0 , 4 , 4 , 8 , 6 , 5 , 12 , 16 , 14 , 1 , 16 , 12 , 9 , 4 , 13 , 9 , 2 , 13 , 16 , 5 , 12 , 6 , 4 , 14 , 9 , 2 , 17 , 5 , 0 , 5 , 8 , 14 , 1 , 15 , 10 , 2 , 17 , 17 , 9 , 7 , 0 , 8 , 12 , 17 , 11 , 8 , 3 , 10 , 6 , 1 , 3 , 13 , 11 , 15 , 11 , 7 , 6 , 2 , 2 , 9 , 4 , 15 , 7 , 6 , 15 , 3 , 7 , 
Bins: 6 , 9 , 6 , 9 , 6 , 6 , 6 , 6 , 6 , 6 , 6 , 9 , 6 , 6 , 6 , 6 , 3 , 3 , 
Cost: 114372
time: 9.705354
nImprovAfterGreedy: 27
nImprovAfterRandom: 27
nMigrate: 235326
nSwap: 142997
n: 100
m: 10
Seed: 72845
