Items: 7 , 9 , 1 , 2 , 11 , 12 , 6 , 9 , 2 , 3 , 1 , 8 , 5 , 12 , 11 , 7 , 3 , 5 , 12 , 12 , 9 , 9 , 9 , 4 , 10 , 2 , 7 , 7 , 2 , 1 , 6 , 3 , 3 , 2 , 10 , 2 , 11 , 1 , 6 , 0 , 10 , 5 , 2 , 11 , 5 , 2 , 1 , 9 , 12 , 9 , 5 , 0 , 6 , 0 , 1 , 2 , 3 , 12 , 10 , 4 , 6 , 2 , 6 , 10 , 3 , 0 , 12 , 7 , 4 , 5 , 8 , 11 , 7 , 2 , 6 , 7 , 8 , 11 , 11 , 1 , 7 , 4 , 2 , 1 , 0 , 11 , 3 , 6 , 7 , 1 , 1 , 9 , 12 , 4 , 8 , 10 , 4 , 8 , 1 , 11 , 
Bins: 25 , 49 , 49 , 36 , 36 , 27 , 49 , 49 , 27 , 36 , 36 , 49 , 49 , 
Cost: 99312
time: 7.721444
nImprovAfterGreedy: 30
nImprovAfterRandom: 30
nMigrate: 133786
nSwap: 135144
n: 100
m: 50
Seed: 92173
