Items: 9 , 5 , 1 , 3 , 8 , 6 , 4 , 5 , 4 , 11 , 1 , 10 , 12 , 9 , 8 , 9 , 11 , 0 , 9 , 6 , 5 , 7 , 5 , 11 , 2 , 7 , 4 , 7 , 7 , 1 , 9 , 11 , 11 , 7 , 3 , 3 , 8 , 1 , 6 , 2 , 12 , 0 , 4 , 8 , 0 , 6 , 11 , 4 , 6 , 0 , 9 , 4 , 0 , 2 , 11 , 7 , 7 , 6 , 2 , 3 , 4 , 7 , 4 , 2 , 11 , 0 , 10 , 5 , 0 , 12 , 10 , 8 , 0 , 7 , 9 , 5 , 3 , 8 , 8 , 1 , 5 , 1 , 3 , 1 , 2 , 8 , 1 , 5 , 4 , 1 , 6 , 6 , 6 , 3 , 10 , 7 , 3 , 10 , 1 , 8 , 
Bins: 19 , 19 , 19 , 19 , 19 , 19 , 19 , 19 , 19 , 19 , 15 , 19 , 4 , 
Cost: 88280
time: 8.069133
nImprovAfterGreedy: 19
nImprovAfterRandom: 19
nMigrate: 210883
nSwap: 148430
n: 100
m: 20
Seed: 9530
