Items: 7 , 14 , 2 , 20 , 10 , 13 , 5 , 26 , 25 , 12 , 6 , 21 , 34 , 16 , 9 , 3 , 12 , 31 , 33 , 30 , 23 , 9 , 14 , 4 , 0 , 4 , 28 , 6 , 4 , 25 , 3 , 12 , 27 , 31 , 20 , 15 , 18 , 23 , 3 , 2 , 22 , 8 , 25 , 28 , 8 , 32 , 19 , 28 , 16 , 10 , 27 , 11 , 16 , 14 , 1 , 15 , 15 , 13 , 10 , 19 , 5 , 15 , 11 , 23 , 12 , 20 , 17 , 26 , 31 , 34 , 34 , 28 , 2 , 20 , 11 , 6 , 32 , 9 , 10 , 9 , 6 , 9 , 20 , 5 , 13 , 25 , 29 , 14 , 10 , 25 , 31 , 24 , 7 , 1 , 21 , 33 , 15 , 0 , 19 , 30 , 17 , 4 , 1 , 18 , 4 , 16 , 11 , 2 , 20 , 11 , 5 , 27 , 20 , 27 , 7 , 29 , 26 , 17 , 18 , 28 , 0 , 17 , 34 , 19 , 25 , 30 , 2 , 29 , 23 , 2 , 1 , 26 , 25 , 21 , 22 , 0 , 24 , 32 , 33 , 30 , 32 , 29 , 10 , 15 , 8 , 6 , 7 , 21 , 33 , 14 , 12 , 25 , 26 , 26 , 19 , 18 , 31 , 5 , 25 , 13 , 22 , 24 , 5 , 12 , 31 , 30 , 23 , 17 , 24 , 19 , 9 , 6 , 27 , 16 , 7 , 13 , 5 , 0 , 33 , 4 , 24 , 1 , 8 , 8 , 8 , 0 , 3 , 32 , 5 , 17 , 7 , 13 , 1 , 29 , 9 , 34 , 18 , 31 , 11 , 3 , 
Bins: 6 , 6 , 9 , 6 , 6 , 9 , 6 , 9 , 6 , 9 , 6 , 6 , 6 , 6 , 6 , 6 , 6 , 6 , 6 , 6 , 9 , 6 , 3 , 6 , 6 , 9 , 6 , 6 , 6 , 6 , 6 , 8 , 6 , 6 , 6 , 
Cost: 417323
time: 31.396444
nImprovAfterGreedy: 74
nImprovAfterRandom: 74
nMigrate: 196706
nSwap: 102649
n: 200
m: 10
Seed: 29592
