Items: 17 , 22 , 12 , 1 , 16 , 20 , 1 , 0 , 26 , 14 , 15 , 19 , 8 , 9 , 24 , 6 , 7 , 22 , 9 , 7 , 3 , 10 , 9 , 11 , 22 , 27 , 22 , 8 , 11 , 15 , 6 , 22 , 27 , 19 , 16 , 26 , 21 , 15 , 6 , 12 , 32 , 28 , 24 , 4 , 29 , 7 , 15 , 28 , 20 , 10 , 5 , 8 , 2 , 5 , 2 , 27 , 31 , 7 , 14 , 23 , 31 , 30 , 30 , 21 , 1 , 13 , 13 , 3 , 5 , 25 , 23 , 7 , 12 , 1 , 16 , 18 , 25 , 24 , 16 , 15 , 18 , 23 , 1 , 3 , 2 , 19 , 10 , 24 , 14 , 15 , 14 , 3 , 20 , 2 , 19 , 14 , 23 , 28 , 15 , 11 , 5 , 23 , 2 , 31 , 27 , 20 , 8 , 12 , 0 , 19 , 17 , 18 , 1 , 14 , 30 , 18 , 26 , 5 , 28 , 26 , 22 , 10 , 17 , 32 , 7 , 11 , 12 , 18 , 0 , 12 , 2 , 4 , 20 , 15 , 32 , 28 , 17 , 0 , 29 , 11 , 7 , 4 , 16 , 26 , 29 , 30 , 20 , 26 , 9 , 0 , 28 , 17 , 19 , 26 , 11 , 21 , 14 , 24 , 23 , 22 , 32 , 27 , 1 , 14 , 0 , 9 , 24 , 13 , 17 , 4 , 10 , 10 , 14 , 13 , 30 , 3 , 17 , 22 , 9 , 23 , 4 , 5 , 29 , 29 , 29 , 5 , 6 , 7 , 17 , 13 , 17 , 8 , 27 , 10 , 26 , 25 , 21 , 0 , 8 , 6 , 
Bins: 44 , 46 , 27 , 9 , 44 , 49 , 27 , 48 , 27 , 48 , 26 , 26 , 46 , 27 , 48 , 48 , 24 , 48 , 27 , 44 , 26 , 24 , 48 , 19 , 29 , 10 , 48 , 27 , 27 , 27 , 27 , 3 , 19 , 
Cost: 416071
time: 33.798120
nImprovAfterGreedy: 63
nImprovAfterRandom: 63
nMigrate: 147554
nSwap: 124085
n: 200
m: 50
Seed: 68475
