Items: 1 , 0 , 11 , 6 , 13 , 8 , 8 , 0 , 0 , 5 , 3 , 12 , 10 , 1 , 2 , 1 , 15 , 10 , 1 , 4 , 11 , 5 , 1 , 15 , 3 , 6 , 4 , 5 , 5 , 8 , 14 , 4 , 7 , 6 , 7 , 6 , 2 , 11 , 8 , 9 , 4 , 10 , 2 , 4 , 10 , 0 , 12 , 5 , 15 , 7 , 10 , 11 , 14 , 9 , 13 , 6 , 5 , 5 , 3 , 6 , 14 , 6 , 14 , 3 , 15 , 9 , 7 , 11 , 7 , 10 , 12 , 4 , 1 , 6 , 14 , 9 , 12 , 2 , 2 , 4 , 2 , 11 , 0 , 3 , 9 , 13 , 13 , 2 , 15 , 11 , 0 , 0 , 8 , 7 , 12 , 5 , 0 , 12 , 3 , 13 , 
Bins: 9 , 9 , 9 , 9 , 6 , 9 , 6 , 6 , 6 , 9 , 6 , 6 , 6 , 1 , 6 , 5 , 
Cost: 102065
time: 7.642292
nImprovAfterGreedy: 31
nImprovAfterRandom: 31
nMigrate: 201474
nSwap: 113293
n: 100
m: 10
Seed: 34549
