Items: 3 , 6 , 1 , 0 , 4 , 2 , 7 , 6 , 8 , 9 , 1 , 10 , 11 , 2 , 4 , 3 , 9 , 8 , 6 , 2 , 6 , 6 , 6 , 9 , 5 , 0 , 3 , 3 , 0 , 1 , 7 , 9 , 9 , 0 , 5 , 0 , 4 , 1 , 7 , 11 , 5 , 8 , 8 , 4 , 8 , 8 , 9 , 6 , 2 , 8 , 6 , 11 , 7 , 11 , 9 , 0 , 0 , 2 , 5 , 12 , 7 , 0 , 7 , 5 , 9 , 11 , 2 , 3 , 8 , 10 , 10 , 4 , 3 , 0 , 7 , 3 , 10 , 4 , 4 , 1 , 3 , 1 , 0 , 1 , 11 , 4 , 1 , 7 , 3 , 1 , 8 , 8 , 2 , 2 , 10 , 5 , 12 , 10 , 1 , 4 , 
Bins: 49 , 49 , 49 , 49 , 49 , 47 , 49 , 49 , 49 , 49 , 48 , 49 , 5 , 
Cost: 88046
time: 7.114825
nImprovAfterGreedy: 29
nImprovAfterRandom: 29
nMigrate: 125969
nSwap: 116187
n: 100
m: 50
Seed: 30456
