Items: 21 , 19 , 19 , 12 , 2 , 5 , 14 , 6 , 14 , 21 , 16 , 13 , 4 , 3 , 23 , 0 , 8 , 17 , 0 , 8 , 9 , 11 , 4 , 8 , 16 , 0 , 7 , 10 , 11 , 19 , 0 , 19 , 8 , 11 , 1 , 12 , 24 , 23 , 0 , 18 , 7 , 20 , 14 , 23 , 20 , 11 , 19 , 10 , 9 , 22 , 6 , 15 , 22 , 18 , 23 , 21 , 21 , 11 , 16 , 12 , 15 , 24 , 15 , 16 , 18 , 3 , 3 , 6 , 22 , 6 , 3 , 23 , 21 , 18 , 15 , 5 , 18 , 2 , 24 , 23 , 24 , 2 , 12 , 16 , 18 , 4 , 7 , 5 , 8 , 21 , 11 , 17 , 4 , 1 , 13 , 11 , 12 , 5 , 19 , 13 , 16 , 9 , 19 , 21 , 8 , 10 , 15 , 14 , 23 , 15 , 4 , 3 , 7 , 6 , 12 , 2 , 6 , 22 , 17 , 23 , 11 , 22 , 1 , 19 , 5 , 13 , 18 , 2 , 1 , 5 , 10 , 12 , 10 , 9 , 7 , 10 , 17 , 6 , 20 , 14 , 11 , 2 , 19 , 14 , 20 , 24 , 10 , 9 , 0 , 19 , 5 , 14 , 13 , 14 , 12 , 1 , 11 , 5 , 21 , 5 , 7 , 8 , 10 , 11 , 6 , 15 , 23 , 3 , 17 , 22 , 11 , 4 , 22 , 3 , 21 , 17 , 9 , 16 , 18 , 21 , 12 , 22 , 20 , 20 , 20 , 14 , 0 , 5 , 9 , 9 , 17 , 24 , 11 , 7 , 14 , 3 , 1 , 21 , 15 , 0 , 
Bins: 49 , 36 , 36 , 49 , 16 , 49 , 45 , 36 , 49 , 36 , 36 , 49 , 49 , 36 , 49 , 45 , 49 , 36 , 49 , 49 , 27 , 49 , 49 , 49 , 40 , 
Cost: 388867
time: 29.905848
nImprovAfterGreedy: 54
nImprovAfterRandom: 54
nMigrate: 150495
nSwap: 127556
n: 200
m: 50
Seed: 20220
