Items: 19 , 15 , 5 , 2 , 26 , 6 , 23 , 5 , 17 , 24 , 11 , 34 , 28 , 3 , 20 , 0 , 6 , 11 , 0 , 33 , 12 , 19 , 9 , 7 , 11 , 0 , 30 , 19 , 7 , 20 , 1 , 6 , 24 , 32 , 19 , 15 , 10 , 12 , 5 , 5 , 30 , 16 , 17 , 33 , 16 , 25 , 21 , 9 , 3 , 14 , 18 , 12 , 4 , 18 , 13 , 24 , 34 , 9 , 11 , 21 , 1 , 8 , 14 , 23 , 3 , 10 , 17 , 22 , 17 , 27 , 29 , 18 , 32 , 2 , 22 , 31 , 25 , 20 , 19 , 13 , 22 , 20 , 2 , 27 , 26 , 17 , 26 , 14 , 15 , 20 , 1 , 28 , 3 , 13 , 4 , 7 , 15 , 7 , 21 , 29 , 23 , 10 , 6 , 34 , 0 , 4 , 22 , 1 , 17 , 32 , 16 , 18 , 2 , 24 , 2 , 26 , 15 , 18 , 28 , 15 , 7 , 16 , 13 , 21 , 2 , 4 , 5 , 10 , 13 , 24 , 13 , 15 , 3 , 8 , 30 , 16 , 28 , 25 , 27 , 29 , 25 , 30 , 19 , 8 , 11 , 31 , 3 , 16 , 0 , 15 , 6 , 13 , 32 , 14 , 11 , 29 , 19 , 14 , 20 , 6 , 23 , 10 , 2 , 7 , 33 , 4 , 12 , 33 , 28 , 21 , 31 , 31 , 1 , 10 , 19 , 22 , 20 , 11 , 24 , 32 , 26 , 18 , 9 , 5 , 3 , 18 , 11 , 25 , 20 , 8 , 28 , 9 , 5 , 10 , 17 , 27 , 8 , 24 , 22 , 14 , 
Bins: 11 , 11 , 18 , 18 , 11 , 18 , 11 , 11 , 11 , 11 , 19 , 19 , 6 , 11 , 6 , 19 , 3 , 18 , 19 , 18 , 18 , 11 , 11 , 11 , 11 , 11 , 11 , 6 , 11 , 3 , 7 , 7 , 11 , 8 , 6 , 
Cost: 418334
time: 35.297931
nImprovAfterGreedy: 52
nImprovAfterRandom: 52
nMigrate: 185900
nSwap: 128442
n: 200
m: 20
Seed: 2516
