Items: 13 , 8 , 34 , 6 , 23 , 32 , 29 , 2 , 34 , 4 , 16 , 31 , 24 , 3 , 12 , 13 , 11 , 8 , 29 , 29 , 7 , 8 , 15 , 0 , 8 , 13 , 17 , 16 , 15 , 34 , 13 , 11 , 11 , 12 , 8 , 18 , 12 , 7 , 32 , 27 , 30 , 19 , 12 , 33 , 1 , 10 , 11 , 33 , 32 , 19 , 0 , 7 , 28 , 23 , 22 , 20 , 20 , 32 , 19 , 0 , 27 , 20 , 5 , 22 , 3 , 28 , 21 , 14 , 26 , 24 , 26 , 23 , 20 , 6 , 5 , 16 , 10 , 12 , 11 , 34 , 16 , 4 , 6 , 24 , 15 , 12 , 14 , 12 , 19 , 4 , 14 , 9 , 32 , 22 , 31 , 8 , 18 , 18 , 24 , 25 , 21 , 18 , 22 , 20 , 23 , 28 , 5 , 27 , 34 , 27 , 4 , 23 , 6 , 2 , 6 , 14 , 2 , 21 , 33 , 2 , 0 , 8 , 26 , 30 , 25 , 21 , 17 , 28 , 22 , 17 , 22 , 26 , 17 , 25 , 30 , 31 , 9 , 10 , 1 , 25 , 10 , 27 , 34 , 18 , 33 , 16 , 17 , 31 , 3 , 2 , 11 , 17 , 5 , 1 , 28 , 26 , 8 , 4 , 4 , 34 , 30 , 9 , 3 , 15 , 2 , 31 , 7 , 21 , 9 , 0 , 19 , 16 , 14 , 28 , 6 , 15 , 4 , 18 , 3 , 23 , 9 , 7 , 1 , 1 , 3 , 2 , 13 , 10 , 4 , 21 , 17 , 15 , 27 , 19 , 1 , 24 , 33 , 1 , 5 , 13 , 
Bins: 8 , 8 , 8 , 9 , 9 , 8 , 9 , 8 , 9 , 8 , 8 , 8 , 9 , 8 , 8 , 8 , 8 , 9 , 8 , 8 , 8 , 8 , 8 , 8 , 8 , 8 , 8 , 9 , 8 , 7 , 8 , 8 , 8 , 8 , 9 , 
Cost: 393565
time: 32.618413
nImprovAfterGreedy: 62
nImprovAfterRandom: 62
nMigrate: 192340
nSwap: 111549
n: 200
m: 10
Seed: 45808
