Items: 7 , 9 , 1 , 2 , 7 , 3 , 5 , 2 , 5 , 6 , 1 , 10 , 18 , 11 , 15 , 11 , 6 , 14 , 11 , 15 , 17 , 12 , 7 , 8 , 9 , 12 , 15 , 12 , 12 , 5 , 11 , 6 , 23 , 12 , 21 , 3 , 2 , 1 , 5 , 13 , 22 , 4 , 2 , 15 , 4 , 18 , 6 , 19 , 3 , 20 , 3 , 16 , 14 , 9 , 17 , 5 , 16 , 12 , 16 , 8 , 16 , 16 , 10 , 22 , 6 , 13 , 13 , 19 , 13 , 24 , 13 , 15 , 19 , 12 , 10 , 7 , 18 , 2 , 7 , 15 , 7 , 5 , 1 , 1 , 0 , 14 , 23 , 9 , 15 , 5 , 1 , 1 , 18 , 21 , 10 , 12 , 20 , 20 , 9 , 8 , 24 , 20 , 6 , 16 , 15 , 14 , 10 , 2 , 6 , 16 , 1 , 3 , 14 , 19 , 1 , 23 , 3 , 17 , 4 , 3 , 12 , 17 , 21 , 6 , 18 , 8 , 2 , 23 , 21 , 14 , 0 , 8 , 19 , 17 , 22 , 14 , 0 , 18 , 4 , 19 , 18 , 22 , 12 , 2 , 14 , 7 , 19 , 5 , 11 , 9 , 6 , 2 , 10 , 2 , 6 , 21 , 12 , 9 , 5 , 17 , 22 , 0 , 18 , 12 , 1 , 14 , 4 , 13 , 0 , 8 , 20 , 20 , 23 , 23 , 7 , 0 , 13 , 22 , 11 , 5 , 0 , 17 , 4 , 4 , 4 , 2 , 11 , 18 , 23 , 13 , 19 , 17 , 5 , 15 , 2 , 9 , 21 , 5 , 10 , 6 , 
Bins: 48 , 49 , 49 , 46 , 46 , 49 , 49 , 48 , 46 , 49 , 49 , 49 , 49 , 49 , 49 , 49 , 48 , 49 , 49 , 49 , 38 , 46 , 46 , 49 , 0 , 
Cost: 382646
time: 27.080264
nImprovAfterGreedy: 50
nImprovAfterRandom: 50
nMigrate: 109395
nSwap: 103914
n: 200
m: 50
Seed: 65200
