Items: 19 , 4 , 27 , 3 , 19 , 2 , 26 , 6 , 0 , 13 , 27 , 7 , 12 , 18 , 16 , 17 , 13 , 12 , 17 , 8 , 9 , 29 , 11 , 29 , 4 , 7 , 1 , 24 , 29 , 27 , 5 , 13 , 9 , 7 , 3 , 6 , 13 , 9 , 2 , 28 , 21 , 21 , 23 , 1 , 20 , 0 , 13 , 1 , 2 , 25 , 6 , 22 , 8 , 4 , 23 , 24 , 24 , 0 , 4 , 18 , 26 , 24 , 5 , 28 , 26 , 3 , 14 , 8 , 10 , 25 , 19 , 1 , 24 , 3 , 22 , 11 , 17 , 16 , 13 , 27 , 16 , 16 , 3 , 27 , 28 , 19 , 21 , 11 , 1 , 11 , 0 , 0 , 2 , 23 , 19 , 29 , 23 , 11 , 10 , 30 , 28 , 15 , 2 , 24 , 7 , 8 , 22 , 9 , 3 , 22 , 27 , 14 , 3 , 6 , 2 , 8 , 6 , 14 , 12 , 6 , 29 , 14 , 12 , 10 , 30 , 30 , 28 , 16 , 12 , 11 , 23 , 10 , 8 , 14 , 21 , 27 , 12 , 16 , 20 , 30 , 0 , 26 , 25 , 15 , 20 , 15 , 23 , 15 , 17 , 10 , 13 , 12 , 22 , 15 , 4 , 23 , 29 , 18 , 15 , 13 , 21 , 5 , 18 , 29 , 6 , 29 , 26 , 1 , 5 , 18 , 25 , 25 , 0 , 4 , 19 , 5 , 14 , 4 , 17 , 27 , 19 , 10 , 20 , 20 , 20 , 27 , 7 , 17 , 12 , 14 , 12 , 0 , 26 , 1 , 15 , 18 , 9 , 17 , 22 , 7 , 
Bins: 48 , 48 , 44 , 47 , 49 , 38 , 48 , 48 , 48 , 44 , 49 , 48 , 49 , 48 , 48 , 46 , 44 , 48 , 44 , 44 , 38 , 46 , 48 , 46 , 48 , 46 , 47 , 46 , 44 , 48 , 19 , 
Cost: 388287
time: 29.488334
nImprovAfterGreedy: 50
nImprovAfterRandom: 50
nMigrate: 130083
nSwap: 97778
n: 200
m: 50
Seed: 45815
