Items: 14 , 17 , 2 , 10 , 21 , 13 , 11 , 29 , 11 , 7 , 1 , 20 , 29 , 10 , 12 , 35 , 24 , 12 , 35 , 3 , 34 , 7 , 17 , 6 , 17 , 7 , 23 , 5 , 7 , 2 , 25 , 2 , 22 , 4 , 21 , 18 , 21 , 34 , 14 , 33 , 8 , 30 , 24 , 23 , 30 , 4 , 31 , 23 , 33 , 22 , 32 , 24 , 5 , 28 , 2 , 9 , 9 , 4 , 24 , 5 , 11 , 9 , 32 , 21 , 1 , 10 , 20 , 19 , 22 , 26 , 26 , 23 , 9 , 10 , 28 , 13 , 6 , 12 , 21 , 2 , 19 , 12 , 10 , 1 , 19 , 31 , 25 , 0 , 24 , 0 , 25 , 30 , 33 , 2 , 26 , 7 , 32 , 13 , 1 , 3 , 15 , 32 , 2 , 9 , 6 , 5 , 28 , 33 , 34 , 11 , 12 , 26 , 10 , 31 , 32 , 25 , 26 , 15 , 23 , 18 , 31 , 15 , 16 , 8 , 4 , 3 , 1 , 20 , 16 , 13 , 16 , 27 , 31 , 15 , 8 , 31 , 30 , 4 , 7 , 3 , 4 , 29 , 22 , 18 , 16 , 24 , 33 , 18 , 35 , 0 , 0 , 33 , 28 , 18 , 3 , 16 , 14 , 0 , 14 , 13 , 8 , 27 , 10 , 7 , 29 , 31 , 34 , 22 , 30 , 5 , 4 , 13 , 25 , 20 , 14 , 19 , 12 , 17 , 35 , 6 , 27 , 34 , 18 , 14 , 1 , 15 , 26 , 14 , 12 , 15 , 30 , 19 , 11 , 29 , 14 , 1 , 16 , 29 , 0 , 0 , 
Bins: 9 , 9 , 8 , 8 , 9 , 8 , 8 , 8 , 8 , 8 , 9 , 7 , 9 , 8 , 9 , 8 , 8 , 8 , 8 , 8 , 8 , 8 , 8 , 8 , 8 , 8 , 8 , 3 , 8 , 8 , 8 , 8 , 8 , 9 , 8 , 8 , 
Cost: 393509
time: 30.977020
nImprovAfterGreedy: 50
nImprovAfterRandom: 50
nMigrate: 167800
nSwap: 100364
n: 200
m: 10
Seed: 58896
