Items: 19 , 30 , 30 , 1 , 19 , 13 , 18 , 0 , 1 , 4 , 25 , 9 , 7 , 29 , 4 , 11 , 10 , 7 , 11 , 18 , 27 , 31 , 22 , 14 , 13 , 31 , 24 , 31 , 6 , 13 , 16 , 4 , 29 , 31 , 15 , 1 , 26 , 27 , 17 , 15 , 24 , 28 , 2 , 24 , 28 , 17 , 10 , 22 , 21 , 3 , 21 , 20 , 22 , 20 , 4 , 23 , 23 , 17 , 25 , 10 , 23 , 31 , 20 , 18 , 11 , 15 , 8 , 23 , 26 , 7 , 7 , 5 , 9 , 31 , 20 , 3 , 32 , 30 , 19 , 25 , 30 , 14 , 1 , 11 , 15 , 29 , 16 , 30 , 9 , 4 , 16 , 28 , 32 , 1 , 6 , 12 , 1 , 13 , 30 , 5 , 12 , 14 , 4 , 23 , 14 , 29 , 20 , 27 , 29 , 10 , 16 , 21 , 15 , 3 , 2 , 16 , 3 , 18 , 8 , 5 , 13 , 3 , 7 , 0 , 17 , 6 , 1 , 14 , 18 , 4 , 14 , 5 , 21 , 27 , 24 , 29 , 18 , 32 , 12 , 12 , 17 , 33 , 19 , 2 , 10 , 2 , 28 , 2 , 11 , 30 , 10 , 1 , 0 , 2 , 10 , 26 , 17 , 10 , 17 , 3 , 24 , 8 , 9 , 19 , 0 , 6 , 1 , 21 , 28 , 8 , 3 , 3 , 16 , 29 , 19 , 28 , 4 , 13 , 11 , 14 , 11 , 19 , 23 , 17 , 12 , 12 , 33 , 17 , 14 , 21 , 28 , 6 , 17 , 22 , 2 , 7 , 31 , 23 , 20 , 31 , 
Bins: 1 , 9 , 7 , 7 , 9 , 1 , 7 , 7 , 1 , 1 , 7 , 9 , 7 , 7 , 7 , 8 , 7 , 9 , 9 , 9 , 7 , 7 , 1 , 7 , 2 , 0 , 0 , 1 , 7 , 9 , 9 , 9 , 0 , 0 , 
Cost: 419008
time: 40.161714
nImprovAfterGreedy: 43
nImprovAfterRandom: 43
nMigrate: 230910
nSwap: 179793
n: 200
m: 10
Seed: 13319
