Items: 5 , 32 , 21 , 0 , 33 , 25 , 1 , 4 , 0 , 17 , 4 , 7 , 3 , 10 , 26 , 8 , 14 , 22 , 12 , 22 , 13 , 9 , 32 , 18 , 14 , 8 , 11 , 3 , 34 , 3 , 8 , 21 , 20 , 7 , 20 , 20 , 9 , 13 , 26 , 2 , 24 , 30 , 9 , 11 , 30 , 25 , 6 , 17 , 14 , 31 , 4 , 13 , 3 , 25 , 17 , 20 , 27 , 25 , 14 , 6 , 1 , 27 , 22 , 12 , 10 , 0 , 30 , 29 , 16 , 33 , 23 , 25 , 17 , 0 , 22 , 19 , 10 , 32 , 9 , 11 , 19 , 31 , 0 , 4 , 34 , 33 , 24 , 32 , 18 , 26 , 1 , 16 , 5 , 20 , 7 , 28 , 15 , 7 , 21 , 23 , 33 , 15 , 21 , 27 , 18 , 3 , 3 , 2 , 5 , 7 , 1 , 33 , 0 , 20 , 5 , 30 , 29 , 28 , 13 , 11 , 4 , 28 , 12 , 6 , 5 , 8 , 2 , 30 , 12 , 2 , 6 , 21 , 33 , 28 , 24 , 31 , 22 , 5 , 16 , 23 , 25 , 1 , 31 , 26 , 14 , 19 , 17 , 29 , 12 , 21 , 15 , 2 , 29 , 29 , 14 , 23 , 5 , 32 , 26 , 15 , 24 , 15 , 0 , 15 , 4 , 22 , 11 , 28 , 34 , 6 , 19 , 19 , 8 , 14 , 18 , 34 , 1 , 22 , 12 , 26 , 26 , 9 , 16 , 16 , 10 , 4 , 6 , 2 , 1 , 28 , 14 , 34 , 9 , 18 , 29 , 10 , 13 , 16 , 13 , 8 , 
Bins: 18 , 18 , 17 , 15 , 15 , 18 , 15 , 15 , 15 , 14 , 18 , 15 , 19 , 15 , 19 , 14 , 15 , 15 , 15 , 15 , 15 , 15 , 19 , 10 , 15 , 15 , 18 , 4 , 15 , 15 , 15 , 10 , 4 , 15 , 15 , 
Cost: 419986
time: 33.650440
nImprovAfterGreedy: 63
nImprovAfterRandom: 63
nMigrate: 176785
nSwap: 115684
n: 200
m: 20
Seed: 80350
