Items: 0 , 9 , 5 , 10 , 11 , 7 , 1 , 10 , 8 , 6 , 5 , 2 , 9 , 0 , 9 , 0 , 6 , 8 , 0 , 7 , 1 , 3 , 9 , 6 , 4 , 3 , 0 , 3 , 3 , 5 , 0 , 6 , 6 , 3 , 12 , 10 , 11 , 5 , 8 , 4 , 11 , 4 , 11 , 7 , 4 , 7 , 6 , 1 , 7 , 8 , 10 , 1 , 1 , 4 , 6 , 3 , 3 , 7 , 4 , 10 , 0 , 3 , 8 , 11 , 6 , 8 , 2 , 1 , 8 , 12 , 2 , 7 , 0 , 3 , 11 , 9 , 10 , 9 , 11 , 5 , 9 , 5 , 10 , 5 , 4 , 9 , 5 , 9 , 1 , 5 , 8 , 8 , 7 , 12 , 2 , 3 , 10 , 2 , 5 , 2 , 
Bins: 49 , 49 , 48 , 49 , 49 , 49 , 49 , 49 , 49 , 49 , 49 , 49 , 5 , 
Cost: 88183
time: 7.260119
nImprovAfterGreedy: 29
nImprovAfterRandom: 29
nMigrate: 114857
nSwap: 118233
n: 100
m: 50
Seed: 29264
