Items: 3 , 5 , 0 , 2 , 6 , 10 , 8 , 7 , 2 , 1 , 0 , 11 , 10 , 3 , 6 , 3 , 12 , 5 , 3 , 2 , 7 , 1 , 3 , 12 , 4 , 1 , 3 , 3 , 1 , 0 , 8 , 0 , 12 , 1 , 5 , 2 , 6 , 0 , 8 , 4 , 12 , 10 , 1 , 6 , 10 , 7 , 0 , 1 , 10 , 5 , 2 , 9 , 8 , 4 , 9 , 2 , 1 , 1 , 4 , 9 , 8 , 2 , 8 , 4 , 0 , 2 , 11 , 7 , 5 , 5 , 11 , 6 , 3 , 2 , 8 , 7 , 7 , 6 , 6 , 0 , 7 , 9 , 2 , 0 , 4 , 6 , 12 , 8 , 1 , 0 , 5 , 5 , 10 , 5 , 11 , 1 , 9 , 11 , 0 , 6 , 
Bins: 19 , 19 , 19 , 19 , 19 , 19 , 19 , 16 , 19 , 8 , 8 , 11 , 8 , 
Cost: 99651
time: 7.703591
nImprovAfterGreedy: 34
nImprovAfterRandom: 34
nMigrate: 183021
nSwap: 137521
n: 100
m: 20
Seed: 11383
