Items: 13 , 1 , 0 , 16 , 13 , 8 , 14 , 24 , 4 , 5 , 20 , 0 , 15 , 28 , 7 , 28 , 23 , 21 , 28 , 7 , 17 , 5 , 21 , 18 , 20 , 0 , 7 , 11 , 5 , 20 , 14 , 23 , 27 , 0 , 26 , 12 , 26 , 17 , 8 , 2 , 9 , 10 , 0 , 7 , 10 , 4 , 23 , 21 , 8 , 22 , 12 , 17 , 21 , 1 , 2 , 16 , 19 , 4 , 20 , 3 , 14 , 19 , 2 , 6 , 28 , 12 , 8 , 24 , 8 , 15 , 6 , 7 , 21 , 16 , 17 , 22 , 24 , 1 , 13 , 7 , 11 , 14 , 16 , 20 , 11 , 18 , 27 , 1 , 5 , 5 , 5 , 30 , 4 , 30 , 25 , 5 , 16 , 25 , 20 , 3 , 6 , 22 , 30 , 19 , 0 , 25 , 17 , 2 , 12 , 9 , 14 , 29 , 16 , 5 , 16 , 27 , 24 , 29 , 26 , 12 , 23 , 29 , 6 , 9 , 4 , 3 , 2 , 27 , 6 , 2 , 30 , 18 , 25 , 29 , 9 , 25 , 30 , 4 , 10 , 19 , 4 , 15 , 13 , 19 , 10 , 22 , 21 , 25 , 28 , 1 , 23 , 14 , 24 , 24 , 23 , 26 , 5 , 1 , 5 , 13 , 9 , 18 , 4 , 5 , 15 , 3 , 12 , 29 , 30 , 18 , 22 , 22 , 3 , 27 , 13 , 11 , 14 , 23 , 28 , 0 , 18 , 13 , 10 , 10 , 10 , 1 , 15 , 2 , 14 , 29 , 30 , 11 , 9 , 7 , 8 , 20 , 26 , 8 , 17 , 0 , 
Bins: 8 , 9 , 9 , 8 , 9 , 9 , 8 , 9 , 9 , 8 , 8 , 8 , 9 , 9 , 9 , 8 , 9 , 8 , 9 , 8 , 9 , 9 , 8 , 8 , 8 , 8 , 9 , 8 , 9 , 8 , 8 , 
Cost: 373786
time: 31.432954
nImprovAfterGreedy: 42
nImprovAfterRandom: 42
nMigrate: 200724
nSwap: 121672
n: 200
m: 10
Seed: 19993
