Items: 10 , 14 , 18 , 2 , 3 , 33 , 16 , 5 , 6 , 13 , 7 , 33 , 8 , 25 , 30 , 23 , 16 , 26 , 11 , 30 , 25 , 23 , 14 , 13 , 29 , 13 , 4 , 0 , 13 , 26 , 23 , 1 , 20 , 22 , 33 , 18 , 16 , 25 , 17 , 18 , 3 , 4 , 16 , 30 , 4 , 12 , 10 , 4 , 33 , 21 , 7 , 0 , 31 , 20 , 1 , 2 , 8 , 12 , 26 , 8 , 23 , 22 , 23 , 29 , 25 , 2 , 9 , 32 , 21 , 7 , 21 , 30 , 32 , 2 , 0 , 34 , 6 , 14 , 10 , 30 , 32 , 8 , 2 , 7 , 2 , 27 , 19 , 14 , 16 , 26 , 16 , 28 , 33 , 1 , 31 , 13 , 12 , 29 , 24 , 17 , 7 , 13 , 1 , 22 , 12 , 31 , 0 , 27 , 10 , 22 , 5 , 20 , 27 , 5 , 34 , 19 , 5 , 8 , 15 , 27 , 29 , 5 , 21 , 24 , 6 , 31 , 18 , 19 , 26 , 26 , 0 , 18 , 32 , 9 , 3 , 4 , 28 , 6 , 15 , 17 , 12 , 19 , 10 , 27 , 26 , 34 , 32 , 15 , 11 , 18 , 10 , 27 , 22 , 16 , 26 , 21 , 6 , 14 , 15 , 9 , 3 , 28 , 6 , 13 , 5 , 31 , 25 , 20 , 28 , 24 , 12 , 2 , 16 , 20 , 10 , 32 , 20 , 29 , 11 , 3 , 28 , 1 , 15 , 15 , 25 , 7 , 17 , 6 , 20 , 20 , 4 , 9 , 1 , 19 , 34 , 24 , 26 , 8 , 0 , 17 , 
Bins: 11 , 11 , 7 , 3 , 11 , 6 , 18 , 11 , 11 , 11 , 18 , 1 , 11 , 11 , 8 , 7 , 19 , 11 , 18 , 11 , 19 , 7 , 11 , 7 , 11 , 18 , 19 , 18 , 11 , 11 , 11 , 11 , 11 , 7 , 11 , 
Cost: 417768
time: 34.474784
nImprovAfterGreedy: 57
nImprovAfterRandom: 57
nMigrate: 201226
nSwap: 122002
n: 200
m: 20
Seed: 52927
