Items: 3 , 8 , 4 , 5 , 10 , 1 , 2 , 8 , 9 , 0 , 4 , 6 , 12 , 1 , 0 , 5 , 2 , 9 , 1 , 1 , 8 , 7 , 8 , 5 , 11 , 7 , 0 , 7 , 7 , 4 , 3 , 0 , 0 , 7 , 11 , 5 , 11 , 4 , 3 , 10 , 11 , 9 , 2 , 0 , 9 , 10 , 9 , 0 , 1 , 9 , 5 , 2 , 3 , 10 , 2 , 7 , 7 , 1 , 11 , 5 , 3 , 7 , 3 , 11 , 2 , 10 , 1 , 8 , 9 , 6 , 6 , 0 , 2 , 7 , 3 , 10 , 6 , 8 , 11 , 4 , 8 , 4 , 5 , 4 , 10 , 0 , 4 , 8 , 2 , 4 , 9 , 9 , 9 , 1 , 6 , 7 , 5 , 6 , 4 , 3 , 
Bins: 49 , 49 , 49 , 49 , 49 , 49 , 48 , 49 , 49 , 49 , 49 , 49 , 0 , 
Cost: 88095
time: 6.912996
nImprovAfterGreedy: 20
nImprovAfterRandom: 20
nMigrate: 113419
nSwap: 112104
n: 100
m: 50
Seed: 68957
