Items: 2 , 12 , 14 , 10 , 18 , 28 , 8 , 6 , 8 , 5 , 14 , 30 , 6 , 31 , 12 , 19 , 4 , 6 , 19 , 31 , 5 , 5 , 21 , 23 , 33 , 23 , 3 , 5 , 23 , 3 , 15 , 4 , 19 , 12 , 10 , 22 , 34 , 14 , 28 , 7 , 16 , 11 , 12 , 3 , 11 , 27 , 17 , 5 , 28 , 25 , 20 , 32 , 9 , 32 , 4 , 29 , 29 , 28 , 26 , 17 , 8 , 29 , 23 , 1 , 13 , 10 , 30 , 27 , 25 , 18 , 33 , 3 , 24 , 10 , 32 , 0 , 7 , 12 , 34 , 3 , 0 , 15 , 10 , 14 , 21 , 18 , 20 , 12 , 24 , 24 , 20 , 14 , 2 , 34 , 9 , 23 , 30 , 33 , 17 , 26 , 18 , 33 , 4 , 29 , 19 , 9 , 32 , 7 , 10 , 8 , 1 , 18 , 10 , 6 , 2 , 20 , 6 , 13 , 23 , 22 , 33 , 13 , 1 , 17 , 2 , 9 , 13 , 30 , 1 , 7 , 4 , 26 , 18 , 13 , 16 , 11 , 15 , 2 , 14 , 26 , 27 , 8 , 25 , 22 , 11 , 0 , 5 , 22 , 1 , 12 , 4 , 22 , 28 , 22 , 26 , 34 , 2 , 25 , 24 , 13 , 16 , 31 , 4 , 23 , 6 , 9 , 21 , 16 , 15 , 17 , 0 , 0 , 20 , 30 , 2 , 21 , 15 , 33 , 19 , 24 , 24 , 25 , 27 , 27 , 11 , 11 , 29 , 7 , 15 , 16 , 5 , 21 , 8 , 3 , 11 , 31 , 34 , 29 , 32 , 26 , 
Bins: 8 , 8 , 9 , 8 , 8 , 9 , 8 , 9 , 9 , 8 , 9 , 8 , 9 , 9 , 8 , 8 , 8 , 8 , 8 , 8 , 8 , 8 , 8 , 8 , 9 , 8 , 8 , 8 , 8 , 8 , 8 , 7 , 8 , 8 , 8 , 
Cost: 393410
time: 32.407331
nImprovAfterGreedy: 55
nImprovAfterRandom: 55
nMigrate: 192604
nSwap: 109316
n: 200
m: 10
Seed: 58591
