Items: 6 , 1 , 16 , 10 , 3 , 21 , 20 , 4 , 11 , 15 , 24 , 0 , 6 , 28 , 3 , 28 , 16 , 26 , 28 , 14 , 29 , 30 , 6 , 12 , 24 , 0 , 27 , 6 , 12 , 24 , 4 , 16 , 30 , 0 , 18 , 11 , 5 , 29 , 9 , 19 , 7 , 7 , 5 , 27 , 9 , 4 , 14 , 27 , 21 , 30 , 2 , 29 , 3 , 1 , 14 , 11 , 23 , 4 , 24 , 12 , 23 , 0 , 31 , 5 , 16 , 10 , 31 , 22 , 9 , 18 , 18 , 27 , 15 , 10 , 29 , 25 , 4 , 1 , 5 , 24 , 22 , 20 , 2 , 24 , 19 , 3 , 7 , 1 , 27 , 14 , 9 , 9 , 21 , 18 , 23 , 12 , 2 , 25 , 24 , 17 , 13 , 31 , 16 , 23 , 0 , 21 , 29 , 19 , 31 , 0 , 17 , 2 , 10 , 15 , 2 , 2 , 5 , 13 , 26 , 8 , 25 , 13 , 26 , 9 , 17 , 12 , 19 , 20 , 14 , 19 , 26 , 3 , 21 , 13 , 7 , 10 , 26 , 15 , 8 , 17 , 4 , 20 , 30 , 11 , 14 , 22 , 21 , 11 , 28 , 1 , 25 , 26 , 23 , 11 , 14 , 18 , 15 , 1 , 15 , 5 , 7 , 31 , 16 , 25 , 9 , 28 , 8 , 27 , 26 , 15 , 30 , 30 , 24 , 11 , 25 , 22 , 14 , 25 , 28 , 14 , 3 , 5 , 8 , 8 , 8 , 13 , 17 , 4 , 26 , 13 , 26 , 22 , 20 , 27 , 11 , 31 , 10 , 9 , 29 , 6 , 
Bins: 38 , 44 , 49 , 44 , 48 , 48 , 32 , 46 , 44 , 48 , 44 , 48 , 44 , 38 , 48 , 44 , 38 , 40 , 46 , 47 , 44 , 46 , 38 , 44 , 49 , 48 , 48 , 48 , 48 , 48 , 46 , 48 , 
Cost: 388245
time: 29.093797
nImprovAfterGreedy: 67
nImprovAfterRandom: 67
nMigrate: 120233
nSwap: 95635
n: 200
m: 50
Seed: 85637
