Items: 7 , 9 , 9 , 1 , 12 , 3 , 3 , 9 , 1 , 1 , 15 , 14 , 5 , 7 , 12 , 7 , 6 , 5 , 7 , 8 , 4 , 2 , 7 , 2 , 15 , 2 , 8 , 2 , 2 , 8 , 0 , 6 , 6 , 2 , 10 , 1 , 12 , 4 , 3 , 13 , 8 , 10 , 4 , 8 , 10 , 9 , 6 , 11 , 3 , 9 , 11 , 4 , 0 , 13 , 4 , 1 , 1 , 3 , 15 , 11 , 0 , 1 , 0 , 15 , 6 , 13 , 10 , 9 , 10 , 5 , 14 , 8 , 7 , 1 , 0 , 13 , 5 , 12 , 12 , 8 , 12 , 11 , 1 , 15 , 13 , 12 , 6 , 4 , 2 , 4 , 6 , 9 , 3 , 10 , 14 , 2 , 11 , 14 , 15 , 14 , 
Bins: 8 , 9 , 9 , 9 , 8 , 1 , 8 , 9 , 8 , 8 , 8 , 8 , 9 , 9 , 8 , 9 , 
Cost: 91937
time: 7.444591
nImprovAfterGreedy: 24
nImprovAfterRandom: 24
nMigrate: 184639
nSwap: 101058
n: 100
m: 10
Seed: 84045
