Items: 0 , 1 , 1 , 9 , 0 , 18 , 3 , 6 , 3 , 9 , 0 , 13 , 23 , 24 , 2 , 20 , 2 , 8 , 15 , 8 , 5 , 7 , 17 , 13 , 10 , 13 , 11 , 0 , 13 , 1 , 20 , 1 , 15 , 13 , 14 , 9 , 2 , 5 , 18 , 16 , 23 , 8 , 3 , 11 , 12 , 6 , 0 , 11 , 18 , 7 , 22 , 6 , 19 , 16 , 1 , 9 , 9 , 6 , 10 , 4 , 11 , 9 , 10 , 15 , 24 , 19 , 17 , 11 , 14 , 24 , 24 , 2 , 11 , 9 , 16 , 0 , 6 , 12 , 0 , 1 , 0 , 7 , 4 , 24 , 21 , 19 , 20 , 2 , 13 , 1 , 20 , 18 , 18 , 14 , 20 , 13 , 4 , 2 , 1 , 12 , 17 , 4 , 1 , 9 , 15 , 19 , 16 , 3 , 18 , 16 , 8 , 24 , 19 , 22 , 18 , 12 , 22 , 7 , 8 , 5 , 22 , 7 , 14 , 23 , 6 , 12 , 9 , 19 , 14 , 22 , 11 , 12 , 11 , 7 , 23 , 19 , 8 , 6 , 5 , 3 , 6 , 23 , 13 , 3 , 10 , 0 , 11 , 8 , 15 , 1 , 2 , 3 , 16 , 3 , 10 , 14 , 6 , 9 , 6 , 7 , 24 , 4 , 9 , 13 , 18 , 21 , 5 , 17 , 21 , 4 , 7 , 7 , 20 , 19 , 0 , 21 , 8 , 10 , 15 , 24 , 12 , 22 , 5 , 5 , 5 , 3 , 20 , 6 , 8 , 17 , 8 , 21 , 23 , 2 , 3 , 24 , 14 , 18 , 16 , 20 , 
Bins: 19 , 19 , 19 , 19 , 19 , 19 , 19 , 19 , 19 , 19 , 17 , 19 , 19 , 19 , 19 , 19 , 19 , 15 , 19 , 19 , 19 , 19 , 15 , 19 , 19 , 
Cost: 365511
time: 29.171538
nImprovAfterGreedy: 40
nImprovAfterRandom: 40
nMigrate: 200380
nSwap: 124850
n: 200
m: 20
Seed: 55291
