Items: 5 , 3 , 5 , 2 , 7 , 9 , 4 , 4 , 2 , 6 , 1 , 11 , 3 , 9 , 7 , 5 , 6 , 3 , 9 , 2 , 4 , 0 , 3 , 6 , 3 , 0 , 5 , 0 , 0 , 1 , 5 , 6 , 6 , 0 , 8 , 2 , 7 , 1 , 5 , 8 , 12 , 8 , 4 , 7 , 8 , 4 , 1 , 9 , 9 , 6 , 9 , 4 , 9 , 3 , 10 , 2 , 0 , 0 , 1 , 10 , 5 , 2 , 2 , 8 , 6 , 2 , 8 , 4 , 8 , 11 , 11 , 7 , 5 , 2 , 12 , 3 , 11 , 7 , 7 , 1 , 4 , 10 , 2 , 1 , 0 , 7 , 1 , 3 , 4 , 1 , 5 , 5 , 10 , 8 , 11 , 0 , 10 , 11 , 1 , 7 , 
Bins: 49 , 49 , 49 , 49 , 49 , 49 , 46 , 49 , 49 , 49 , 38 , 48 , 1 , 
Cost: 96900
time: 6.888884
nImprovAfterGreedy: 24
nImprovAfterRandom: 24
nMigrate: 112433
nSwap: 110627
n: 100
m: 50
Seed: 65624
