Items: 0 , 12 , 4 , 2 , 0 , 11 , 13 , 2 , 2 , 8 , 2 , 14 , 4 , 1 , 6 , 1 , 8 , 2 , 1 , 15 , 16 , 3 , 0 , 7 , 17 , 10 , 12 , 2 , 10 , 4 , 3 , 8 , 8 , 10 , 15 , 10 , 6 , 16 , 5 , 9 , 17 , 15 , 6 , 5 , 15 , 11 , 8 , 5 , 11 , 3 , 1 , 16 , 5 , 9 , 16 , 10 , 13 , 11 , 17 , 15 , 13 , 10 , 3 , 17 , 13 , 2 , 14 , 12 , 3 , 4 , 14 , 11 , 7 , 10 , 0 , 0 , 9 , 6 , 0 , 4 , 12 , 3 , 2 , 13 , 9 , 6 , 8 , 6 , 7 , 6 , 17 , 12 , 11 , 15 , 13 , 7 , 12 , 14 , 4 , 7 , 
Bins: 6 , 6 , 9 , 6 , 6 , 4 , 9 , 6 , 6 , 6 , 6 , 6 , 6 , 9 , 3 , 6 , 3 , 6 , 
Cost: 113565
time: 8.697612
nImprovAfterGreedy: 33
nImprovAfterRandom: 33
nMigrate: 174398
nSwap: 121199
n: 100
m: 10
Seed: 92052
