Items: 0 , 11 , 2 , 19 , 6 , 21 , 19 , 5 , 5 , 15 , 2 , 12 , 24 , 14 , 10 , 7 , 15 , 13 , 7 , 10 , 8 , 4 , 0 , 15 , 23 , 7 , 10 , 0 , 18 , 2 , 7 , 11 , 13 , 9 , 1 , 9 , 4 , 2 , 7 , 1 , 20 , 0 , 5 , 10 , 17 , 5 , 11 , 10 , 14 , 4 , 18 , 5 , 14 , 21 , 11 , 22 , 9 , 21 , 3 , 11 , 9 , 9 , 10 , 1 , 19 , 14 , 12 , 8 , 4 , 2 , 24 , 10 , 9 , 3 , 21 , 16 , 5 , 6 , 4 , 2 , 6 , 6 , 3 , 2 , 17 , 12 , 20 , 23 , 15 , 2 , 13 , 8 , 0 , 1 , 18 , 15 , 11 , 23 , 2 , 18 , 12 , 16 , 11 , 9 , 15 , 14 , 21 , 24 , 3 , 9 , 13 , 6 , 11 , 13 , 3 , 6 , 4 , 18 , 22 , 22 , 23 , 13 , 1 , 16 , 12 , 18 , 19 , 12 , 1 , 3 , 1 , 17 , 6 , 24 , 20 , 23 , 8 , 5 , 19 , 19 , 5 , 13 , 4 , 9 , 3 , 16 , 0 , 22 , 7 , 17 , 11 , 1 , 21 , 19 , 3 , 22 , 5 , 15 , 5 , 21 , 20 , 17 , 15 , 15 , 13 , 18 , 19 , 14 , 8 , 13 , 16 , 16 , 18 , 14 , 0 , 8 , 6 , 23 , 0 , 9 , 17 , 4 , 22 , 5 , 19 , 17 , 7 , 5 , 6 , 14 , 0 , 24 , 20 , 10 , 4 , 2 , 3 , 19 , 21 , 7 , 
Bins: 19 , 19 , 19 , 19 , 19 , 19 , 19 , 19 , 8 , 19 , 19 , 19 , 11 , 19 , 19 , 19 , 11 , 19 , 19 , 19 , 2 , 19 , 8 , 11 , 11 , 
Cost: 389435
time: 33.796416
nImprovAfterGreedy: 53
nImprovAfterRandom: 53
nMigrate: 227518
nSwap: 162624
n: 200
m: 20
Seed: 11
