Items: 12 , 6 , 6 , 3 , 4 , 1 , 9 , 3 , 3 , 0 , 0 , 11 , 2 , 1 , 4 , 6 , 4 , 2 , 13 , 1 , 10 , 10 , 12 , 10 , 6 , 10 , 8 , 12 , 10 , 0 , 9 , 7 , 7 , 10 , 7 , 3 , 4 , 0 , 9 , 14 , 8 , 2 , 4 , 8 , 2 , 3 , 4 , 8 , 1 , 7 , 3 , 2 , 9 , 6 , 0 , 5 , 5 , 1 , 13 , 2 , 9 , 5 , 9 , 13 , 6 , 3 , 14 , 5 , 7 , 8 , 11 , 4 , 12 , 3 , 9 , 4 , 6 , 4 , 4 , 0 , 5 , 5 , 3 , 0 , 14 , 12 , 0 , 9 , 8 , 0 , 6 , 6 , 1 , 7 , 11 , 10 , 3 , 11 , 0 , 11 , 
Bins: 19 , 17 , 14 , 19 , 19 , 14 , 19 , 14 , 14 , 19 , 7 , 14 , 4 , 1 , 0 , 
Cost: 114465
time: 9.241895
nImprovAfterGreedy: 22
nImprovAfterRandom: 22
nMigrate: 207098
nSwap: 169663
n: 100
m: 20
Seed: 21243
