Items: 14 , 4 , 4 , 13 , 16 , 9 , 7 , 13 , 6 , 2 , 3 , 0 , 5 , 6 , 10 , 4 , 2 , 0 , 6 , 11 , 5 , 7 , 5 , 15 , 3 , 6 , 12 , 7 , 15 , 14 , 14 , 2 , 2 , 11 , 3 , 6 , 16 , 5 , 14 , 1 , 15 , 8 , 16 , 10 , 8 , 11 , 2 , 12 , 9 , 8 , 6 , 5 , 12 , 1 , 2 , 6 , 7 , 11 , 3 , 13 , 7 , 11 , 8 , 3 , 7 , 13 , 0 , 12 , 0 , 0 , 13 , 11 , 12 , 7 , 16 , 14 , 1 , 10 , 16 , 10 , 10 , 10 , 13 , 4 , 1 , 16 , 14 , 9 , 12 , 14 , 4 , 4 , 9 , 0 , 4 , 15 , 13 , 9 , 14 , 11 , 
Bins: 48 , 38 , 38 , 28 , 44 , 38 , 48 , 47 , 8 , 18 , 44 , 48 , 48 , 39 , 48 , 18 , 27 , 
Cost: 113746
time: 7.781979
nImprovAfterGreedy: 47
nImprovAfterRandom: 47
nMigrate: 108481
nSwap: 96764
n: 100
m: 50
Seed: 13981
