Items: 4 , 8 , 8 , 1 , 4 , 6 , 14 , 12 , 0 , 7 , 14 , 10 , 12 , 5 , 3 , 11 , 13 , 0 , 5 , 5 , 8 , 9 , 4 , 13 , 0 , 2 , 7 , 14 , 2 , 0 , 9 , 7 , 7 , 2 , 16 , 2 , 3 , 8 , 17 , 16 , 17 , 15 , 3 , 17 , 15 , 6 , 0 , 17 , 6 , 9 , 12 , 1 , 11 , 15 , 7 , 2 , 14 , 6 , 1 , 1 , 14 , 2 , 9 , 16 , 14 , 12 , 10 , 11 , 9 , 12 , 5 , 6 , 11 , 2 , 4 , 4 , 15 , 3 , 4 , 0 , 11 , 9 , 1 , 14 , 7 , 3 , 10 , 3 , 13 , 3 , 13 , 8 , 6 , 16 , 10 , 13 , 1 , 10 , 0 , 15 , 
Bins: 9 , 8 , 8 , 9 , 8 , 8 , 8 , 8 , 8 , 8 , 8 , 8 , 8 , 8 , 9 , 8 , 8 , 3 , 
Cost: 114886
time: 8.542045
nImprovAfterGreedy: 43
nImprovAfterRandom: 43
nMigrate: 174762
nSwap: 114306
n: 100
m: 10
Seed: 34209
