Items: 11 , 14 , 5 , 1 , 15 , 17 , 2 , 2 , 1 , 1 , 3 , 17 , 15 , 11 , 9 , 5 , 13 , 3 , 2 , 4 , 14 , 1 , 14 , 13 , 3 , 8 , 7 , 1 , 1 , 3 , 2 , 13 , 13 , 10 , 4 , 8 , 16 , 0 , 6 , 11 , 7 , 7 , 16 , 8 , 7 , 15 , 13 , 17 , 11 , 6 , 2 , 0 , 5 , 15 , 0 , 8 , 8 , 17 , 3 , 12 , 7 , 8 , 13 , 16 , 11 , 1 , 4 , 14 , 6 , 12 , 12 , 17 , 5 , 1 , 5 , 15 , 12 , 9 , 16 , 9 , 14 , 9 , 1 , 3 , 0 , 15 , 3 , 9 , 10 , 0 , 6 , 6 , 11 , 4 , 10 , 10 , 2 , 10 , 3 , 10 , 
Bins: 15 , 18 , 19 , 19 , 15 , 15 , 4 , 10 , 15 , 8 , 15 , 18 , 13 , 15 , 15 , 15 , 4 , 15 , 
Cost: 115164
time: 8.656292
nImprovAfterGreedy: 37
nImprovAfterRandom: 37
nMigrate: 153966
nSwap: 114115
n: 100
m: 20
Seed: 49630
