Items: 18 , 24 , 9 , 0 , 21 , 11 , 21 , 18 , 29 , 32 , 6 , 27 , 19 , 8 , 25 , 20 , 3 , 25 , 8 , 23 , 4 , 15 , 10 , 5 , 26 , 15 , 24 , 15 , 15 , 29 , 7 , 9 , 32 , 13 , 22 , 29 , 14 , 4 , 18 , 27 , 24 , 2 , 3 , 17 , 2 , 12 , 29 , 16 , 11 , 28 , 0 , 4 , 13 , 24 , 4 , 1 , 27 , 11 , 26 , 0 , 30 , 31 , 19 , 5 , 6 , 13 , 34 , 10 , 28 , 25 , 8 , 11 , 16 , 13 , 19 , 7 , 12 , 25 , 26 , 29 , 10 , 21 , 20 , 6 , 27 , 22 , 20 , 7 , 28 , 22 , 20 , 33 , 11 , 33 , 30 , 15 , 0 , 7 , 9 , 23 , 8 , 17 , 9 , 14 , 32 , 19 , 19 , 12 , 29 , 30 , 21 , 8 , 13 , 33 , 1 , 20 , 33 , 13 , 14 , 12 , 24 , 13 , 5 , 31 , 18 , 23 , 6 , 17 , 5 , 22 , 31 , 9 , 24 , 34 , 2 , 2 , 33 , 18 , 15 , 23 , 12 , 17 , 26 , 3 , 1 , 26 , 16 , 2 , 6 , 9 , 7 , 3 , 30 , 3 , 3 , 14 , 18 , 28 , 18 , 34 , 5 , 17 , 28 , 15 , 31 , 23 , 29 , 1 , 33 , 0 , 25 , 28 , 20 , 3 , 1 , 10 , 21 , 22 , 6 , 30 , 22 , 4 , 1 , 18 , 6 , 34 , 31 , 18 , 21 , 34 , 16 , 10 , 29 , 25 , 2 , 32 , 14 , 31 , 19 , 22 , 
Bins: 8 , 8 , 8 , 8 , 8 , 8 , 9 , 8 , 8 , 8 , 8 , 8 , 8 , 9 , 8 , 8 , 6 , 8 , 9 , 8 , 8 , 8 , 9 , 8 , 8 , 9 , 8 , 8 , 8 , 9 , 8 , 8 , 3 , 8 , 8 , 
Cost: 420522
time: 37.068910
nImprovAfterGreedy: 58
nImprovAfterRandom: 58
nMigrate: 225277
nSwap: 139021
n: 200
m: 10
Seed: 34645
