Items: 5 , 12 , 7 , 4 , 5 , 9 , 10 , 7 , 6 , 12 , 2 , 10 , 9 , 3 , 11 , 6 , 13 , 0 , 3 , 4 , 7 , 12 , 3 , 13 , 0 , 6 , 12 , 1 , 6 , 2 , 14 , 12 , 13 , 8 , 15 , 6 , 8 , 2 , 14 , 5 , 13 , 4 , 8 , 5 , 15 , 8 , 2 , 12 , 9 , 0 , 3 , 9 , 14 , 12 , 2 , 6 , 1 , 8 , 0 , 4 , 14 , 4 , 6 , 5 , 1 , 9 , 15 , 7 , 15 , 0 , 3 , 12 , 1 , 1 , 14 , 11 , 0 , 11 , 5 , 2 , 11 , 11 , 6 , 7 , 1 , 10 , 13 , 11 , 8 , 2 , 10 , 7 , 9 , 15 , 10 , 8 , 4 , 10 , 2 , 8 , 
Bins: 48 , 44 , 48 , 48 , 38 , 44 , 48 , 46 , 48 , 46 , 44 , 44 , 48 , 40 , 38 , 38 , 
Cost: 99404
time: 7.610025
nImprovAfterGreedy: 40
nImprovAfterRandom: 40
nMigrate: 95388
nSwap: 97881
n: 100
m: 50
Seed: 50490
