Items: 15 , 10 , 25 , 9 , 15 , 16 , 2 , 10 , 12 , 9 , 2 , 22 , 24 , 0 , 11 , 25 , 18 , 17 , 31 , 18 , 19 , 6 , 19 , 29 , 17 , 22 , 25 , 14 , 19 , 2 , 23 , 18 , 18 , 22 , 3 , 3 , 8 , 19 , 2 , 13 , 30 , 21 , 10 , 11 , 5 , 12 , 18 , 27 , 0 , 6 , 16 , 14 , 0 , 13 , 1 , 2 , 14 , 12 , 17 , 25 , 25 , 14 , 27 , 30 , 9 , 0 , 26 , 8 , 28 , 24 , 26 , 1 , 27 , 9 , 20 , 15 , 13 , 10 , 15 , 11 , 8 , 24 , 9 , 24 , 13 , 28 , 23 , 21 , 29 , 2 , 23 , 21 , 12 , 3 , 15 , 9 , 4 , 4 , 28 , 1 , 20 , 28 , 9 , 14 , 22 , 0 , 20 , 13 , 6 , 25 , 23 , 26 , 11 , 3 , 4 , 23 , 10 , 10 , 21 , 11 , 16 , 6 , 7 , 25 , 12 , 1 , 3 , 24 , 7 , 3 , 7 , 5 , 3 , 6 , 30 , 22 , 21 , 12 , 8 , 1 , 12 , 15 , 22 , 5 , 7 , 14 , 27 , 5 , 31 , 10 , 18 , 3 , 20 , 5 , 18 , 7 , 12 , 9 , 2 , 6 , 30 , 28 , 9 , 9 , 10 , 16 , 11 , 26 , 21 , 29 , 6 , 28 , 23 , 0 , 15 , 19 , 26 , 17 , 31 , 2 , 5 , 16 , 8 , 8 , 20 , 10 , 17 , 1 , 17 , 26 , 21 , 19 , 12 , 6 , 5 , 24 , 7 , 2 , 20 , 22 , 
Bins: 9 , 7 , 9 , 9 , 1 , 7 , 9 , 7 , 7 , 9 , 9 , 8 , 9 , 9 , 7 , 9 , 7 , 9 , 7 , 7 , 9 , 7 , 7 , 7 , 7 , 7 , 7 , 1 , 9 , 0 , 2 , 0 , 
Cost: 418511
time: 38.262764
nImprovAfterGreedy: 57
nImprovAfterRandom: 57
nMigrate: 229879
nSwap: 171725
n: 200
m: 10
Seed: 30416
