Items: 16 , 13 , 13 , 0 , 7 , 9 , 2 , 13 , 14 , 5 , 1 , 10 , 7 , 14 , 6 , 16 , 5 , 1 , 16 , 2 , 17 , 16 , 7 , 11 , 1 , 16 , 12 , 16 , 12 , 1 , 16 , 5 , 5 , 10 , 4 , 4 , 6 , 17 , 3 , 14 , 12 , 8 , 6 , 3 , 8 , 9 , 5 , 3 , 9 , 8 , 4 , 17 , 3 , 12 , 5 , 4 , 2 , 9 , 1 , 15 , 2 , 0 , 0 , 11 , 2 , 14 , 14 , 13 , 8 , 15 , 15 , 9 , 11 , 0 , 0 , 7 , 15 , 6 , 7 , 14 , 13 , 17 , 4 , 1 , 12 , 6 , 1 , 6 , 11 , 6 , 8 , 8 , 9 , 4 , 10 , 11 , 4 , 10 , 1 , 10 , 
Bins: 15 , 19 , 18 , 4 , 19 , 15 , 18 , 15 , 15 , 15 , 15 , 15 , 16 , 15 , 18 , 12 , 19 , 12 , 
Cost: 101319
time: 7.606875
nImprovAfterGreedy: 33
nImprovAfterRandom: 33
nMigrate: 120992
nSwap: 91155
n: 100
m: 20
Seed: 87684
