Items: 4 , 5 , 2 , 12 , 4 , 19 , 20 , 6 , 17 , 0 , 2 , 10 , 15 , 19 , 9 , 11 , 9 , 3 , 11 , 19 , 3 , 4 , 3 , 13 , 5 , 11 , 9 , 4 , 13 , 2 , 11 , 9 , 21 , 10 , 4 , 12 , 4 , 2 , 6 , 11 , 24 , 22 , 6 , 9 , 22 , 17 , 1 , 18 , 19 , 21 , 20 , 17 , 18 , 5 , 8 , 23 , 23 , 17 , 21 , 13 , 23 , 23 , 22 , 20 , 0 , 19 , 19 , 18 , 6 , 7 , 7 , 9 , 23 , 0 , 5 , 1 , 7 , 3 , 4 , 2 , 4 , 13 , 12 , 2 , 8 , 18 , 2 , 1 , 9 , 2 , 17 , 17 , 17 , 8 , 10 , 0 , 12 , 1 , 2 , 10 , 20 , 14 , 8 , 23 , 11 , 18 , 5 , 23 , 21 , 10 , 3 , 7 , 1 , 21 , 23 , 15 , 6 , 20 , 22 , 12 , 5 , 14 , 16 , 24 , 17 , 13 , 8 , 19 , 16 , 8 , 8 , 12 , 18 , 14 , 24 , 18 , 22 , 17 , 21 , 0 , 17 , 24 , 21 , 12 , 16 , 4 , 18 , 14 , 11 , 1 , 1 , 8 , 10 , 12 , 16 , 16 , 17 , 1 , 6 , 1 , 7 , 14 , 0 , 0 , 6 , 13 , 12 , 13 , 22 , 24 , 9 , 1 , 2 , 19 , 0 , 3 , 14 , 5 , 0 , 7 , 22 , 20 , 6 , 6 , 0 , 20 , 10 , 7 , 14 , 14 , 22 , 3 , 14 , 9 , 6 , 7 , 16 , 6 , 5 , 10 , 
Bins: 49 , 49 , 49 , 46 , 49 , 49 , 49 , 48 , 46 , 49 , 49 , 49 , 49 , 46 , 49 , 3 , 37 , 49 , 49 , 49 , 49 , 48 , 48 , 49 , 46 , 
Cost: 382593
time: 29.828417
nImprovAfterGreedy: 52
nImprovAfterRandom: 52
nMigrate: 140277
nSwap: 126837
n: 200
m: 50
Seed: 80749
