Items: 2 , 7 , 0 , 3 , 6 , 2 , 15 , 3 , 3 , 12 , 0 , 10 , 15 , 6 , 6 , 11 , 13 , 15 , 5 , 12 , 7 , 7 , 7 , 13 , 9 , 4 , 14 , 7 , 4 , 0 , 5 , 13 , 8 , 4 , 8 , 4 , 6 , 0 , 2 , 9 , 12 , 14 , 14 , 6 , 14 , 3 , 0 , 7 , 2 , 8 , 5 , 11 , 7 , 9 , 1 , 4 , 4 , 12 , 9 , 1 , 14 , 4 , 14 , 12 , 13 , 3 , 8 , 11 , 8 , 15 , 10 , 13 , 11 , 3 , 5 , 14 , 15 , 6 , 6 , 0 , 11 , 11 , 3 , 0 , 9 , 15 , 1 , 14 , 13 , 0 , 3 , 3 , 2 , 8 , 10 , 12 , 1 , 10 , 0 , 10 , 
Bins: 9 , 1 , 5 , 9 , 6 , 6 , 9 , 9 , 6 , 9 , 6 , 6 , 6 , 6 , 6 , 9 , 
Cost: 102196
time: 8.471245
nImprovAfterGreedy: 21
nImprovAfterRandom: 21
nMigrate: 207635
nSwap: 132878
n: 100
m: 10
Seed: 77548
