Items: 3 , 8 , 11 , 4 , 12 , 2 , 0 , 0 , 5 , 6 , 5 , 15 , 2 , 16 , 8 , 3 , 6 , 11 , 13 , 16 , 2 , 10 , 2 , 10 , 9 , 10 , 3 , 3 , 10 , 5 , 12 , 8 , 16 , 7 , 1 , 4 , 7 , 5 , 13 , 1 , 6 , 9 , 7 , 16 , 9 , 7 , 5 , 13 , 2 , 11 , 13 , 9 , 14 , 14 , 6 , 12 , 15 , 7 , 9 , 4 , 15 , 9 , 3 , 1 , 0 , 14 , 15 , 0 , 13 , 11 , 13 , 7 , 3 , 14 , 12 , 12 , 4 , 8 , 12 , 6 , 8 , 10 , 5 , 11 , 14 , 8 , 6 , 8 , 7 , 5 , 5 , 11 , 2 , 1 , 0 , 10 , 4 , 4 , 5 , 7 , 
Bins: 31 , 24 , 26 , 27 , 27 , 48 , 19 , 48 , 44 , 27 , 19 , 26 , 27 , 48 , 24 , 10 , 20 , 
Cost: 112889
time: 8.207627
nImprovAfterGreedy: 31
nImprovAfterRandom: 31
nMigrate: 114364
nSwap: 107360
n: 100
m: 50
Seed: 10095
