Items: 9 , 1 , 1 , 8 , 3 , 28 , 21 , 6 , 20 , 7 , 16 , 23 , 19 , 18 , 3 , 0 , 8 , 17 , 10 , 8 , 13 , 13 , 13 , 8 , 2 , 23 , 7 , 19 , 11 , 21 , 17 , 7 , 23 , 15 , 12 , 6 , 3 , 9 , 21 , 5 , 7 , 24 , 21 , 3 , 14 , 15 , 1 , 13 , 28 , 25 , 6 , 9 , 13 , 1 , 9 , 20 , 21 , 15 , 16 , 22 , 21 , 6 , 25 , 4 , 8 , 18 , 20 , 19 , 13 , 18 , 26 , 7 , 19 , 11 , 4 , 1 , 5 , 3 , 3 , 7 , 19 , 3 , 0 , 16 , 11 , 16 , 0 , 1 , 8 , 16 , 0 , 17 , 28 , 12 , 26 , 13 , 21 , 2 , 1 , 15 , 16 , 25 , 7 , 21 , 23 , 19 , 19 , 5 , 9 , 15 , 27 , 18 , 27 , 6 , 28 , 0 , 6 , 24 , 2 , 27 , 2 , 24 , 4 , 22 , 15 , 26 , 8 , 3 , 4 , 9 , 4 , 14 , 19 , 24 , 14 , 2 , 17 , 15 , 16 , 15 , 15 , 23 , 9 , 21 , 20 , 25 , 19 , 20 , 10 , 1 , 7 , 17 , 26 , 5 , 8 , 12 , 9 , 1 , 20 , 24 , 4 , 25 , 8 , 8 , 6 , 11 , 1 , 20 , 17 , 22 , 25 , 24 , 0 , 18 , 9 , 11 , 3 , 2 , 10 , 21 , 14 , 13 , 27 , 27 , 16 , 16 , 17 , 9 , 17 , 24 , 17 , 11 , 7 , 7 , 20 , 18 , 12 , 16 , 9 , 15 , 
Bins: 14 , 19 , 14 , 19 , 14 , 1 , 18 , 19 , 19 , 19 , 0 , 14 , 7 , 19 , 1 , 19 , 19 , 19 , 17 , 19 , 14 , 19 , 1 , 14 , 14 , 14 , 7 , 7 , 7 , 
Cost: 418487
time: 36.546965
nImprovAfterGreedy: 46
nImprovAfterRandom: 46
nMigrate: 209021
nSwap: 170462
n: 200
m: 20
Seed: 54754
