Items: 0 , 14 , 15 , 9 , 0 , 3 , 9 , 9 , 8 , 21 , 15 , 30 , 2 , 5 , 23 , 31 , 10 , 2 , 5 , 11 , 17 , 27 , 19 , 12 , 14 , 8 , 22 , 13 , 27 , 15 , 28 , 21 , 2 , 6 , 27 , 8 , 10 , 17 , 9 , 27 , 1 , 1 , 25 , 16 , 18 , 11 , 10 , 16 , 3 , 23 , 14 , 17 , 19 , 14 , 17 , 8 , 6 , 11 , 6 , 12 , 6 , 13 , 20 , 7 , 21 , 19 , 4 , 13 , 4 , 2 , 5 , 11 , 23 , 21 , 29 , 10 , 11 , 25 , 0 , 15 , 13 , 23 , 20 , 15 , 6 , 19 , 28 , 29 , 22 , 28 , 28 , 26 , 3 , 24 , 30 , 27 , 20 , 10 , 29 , 12 , 7 , 20 , 21 , 13 , 0 , 3 , 22 , 25 , 20 , 6 , 15 , 5 , 19 , 24 , 20 , 28 , 24 , 27 , 31 , 24 , 14 , 27 , 7 , 1 , 4 , 12 , 9 , 16 , 7 , 22 , 26 , 29 , 22 , 4 , 1 , 15 , 25 , 23 , 18 , 3 , 11 , 9 , 0 , 8 , 18 , 24 , 3 , 8 , 21 , 29 , 10 , 25 , 30 , 22 , 12 , 31 , 27 , 29 , 9 , 10 , 7 , 20 , 21 , 10 , 2 , 31 , 16 , 4 , 26 , 25 , 23 , 15 , 28 , 8 , 0 , 26 , 4 , 14 , 5 , 7 , 19 , 17 , 18 , 18 , 18 , 25 , 26 , 11 , 28 , 4 , 26 , 1 , 8 , 22 , 24 , 5 , 31 , 22 , 26 , 28 , 
Bins: 44 , 38 , 38 , 46 , 48 , 48 , 48 , 38 , 48 , 47 , 48 , 48 , 18 , 27 , 48 , 46 , 16 , 38 , 38 , 44 , 49 , 44 , 48 , 44 , 38 , 44 , 38 , 47 , 48 , 44 , 7 , 27 , 
Cost: 415775
time: 34.002883
nImprovAfterGreedy: 81
nImprovAfterRandom: 81
nMigrate: 147608
nSwap: 130484
n: 200
m: 50
Seed: 46282
