Items: 0 , 6 , 13 , 12 , 3 , 4 , 17 , 6 , 4 , 16 , 13 , 17 , 22 , 1 , 3 , 12 , 20 , 2 , 23 , 1 , 9 , 14 , 23 , 20 , 11 , 12 , 16 , 22 , 12 , 13 , 10 , 16 , 16 , 12 , 7 , 12 , 3 , 13 , 0 , 19 , 7 , 0 , 3 , 8 , 5 , 24 , 20 , 8 , 9 , 5 , 14 , 22 , 10 , 6 , 15 , 21 , 21 , 4 , 13 , 20 , 10 , 21 , 10 , 7 , 12 , 14 , 4 , 6 , 2 , 22 , 1 , 16 , 15 , 12 , 10 , 3 , 0 , 3 , 3 , 13 , 3 , 2 , 12 , 2 , 19 , 17 , 25 , 10 , 20 , 13 , 2 , 5 , 4 , 15 , 17 , 12 , 18 , 11 , 13 , 24 , 14 , 9 , 6 , 21 , 16 , 22 , 22 , 11 , 4 , 20 , 2 , 1 , 25 , 15 , 25 , 25 , 6 , 14 , 8 , 18 , 11 , 18 , 7 , 21 , 24 , 24 , 15 , 2 , 7 , 15 , 7 , 19 , 15 , 9 , 1 , 11 , 5 , 4 , 17 , 24 , 4 , 2 , 13 , 18 , 0 , 3 , 15 , 9 , 23 , 19 , 20 , 15 , 6 , 19 , 20 , 8 , 0 , 5 , 0 , 4 , 1 , 19 , 12 , 12 , 2 , 17 , 18 , 24 , 5 , 8 , 4 , 5 , 25 , 1 , 0 , 23 , 9 , 11 , 23 , 0 , 19 , 14 , 18 , 0 , 0 , 6 , 17 , 0 , 9 , 9 , 15 , 23 , 7 , 16 , 6 , 1 , 8 , 2 , 10 , 12 , 
Bins: 49 , 49 , 49 , 49 , 49 , 14 , 49 , 36 , 36 , 36 , 36 , 36 , 49 , 49 , 36 , 49 , 40 , 49 , 16 , 49 , 36 , 27 , 27 , 45 , 36 , 42 , 
Cost: 388904
time: 29.376991
nImprovAfterGreedy: 60
nImprovAfterRandom: 60
nMigrate: 143341
nSwap: 121025
n: 200
m: 50
Seed: 93591
