Items: 5 , 30 , 3 , 14 , 0 , 2 , 18 , 19 , 16 , 4 , 1 , 12 , 19 , 20 , 0 , 3 , 9 , 30 , 21 , 22 , 13 , 31 , 21 , 26 , 30 , 14 , 24 , 31 , 14 , 7 , 27 , 9 , 17 , 11 , 7 , 10 , 0 , 13 , 5 , 16 , 32 , 23 , 24 , 34 , 23 , 11 , 9 , 33 , 2 , 8 , 6 , 13 , 33 , 16 , 7 , 31 , 31 , 11 , 1 , 29 , 24 , 31 , 27 , 15 , 9 , 14 , 12 , 4 , 8 , 20 , 20 , 10 , 3 , 14 , 13 , 28 , 29 , 0 , 0 , 7 , 28 , 27 , 14 , 1 , 10 , 24 , 1 , 22 , 4 , 22 , 1 , 25 , 2 , 7 , 18 , 15 , 30 , 30 , 1 , 26 , 28 , 28 , 9 , 31 , 4 , 33 , 16 , 34 , 5 , 13 , 27 , 6 , 33 , 6 , 34 , 3 , 6 , 29 , 30 , 10 , 30 , 20 , 15 , 1 , 11 , 26 , 16 , 12 , 15 , 16 , 15 , 10 , 24 , 18 , 32 , 23 , 25 , 11 , 17 , 26 , 11 , 19 , 8 , 32 , 23 , 28 , 24 , 18 , 15 , 10 , 9 , 24 , 2 , 2 , 26 , 7 , 5 , 8 , 5 , 20 , 32 , 25 , 4 , 4 , 19 , 10 , 21 , 29 , 25 , 6 , 11 , 14 , 1 , 12 , 5 , 21 , 27 , 30 , 17 , 28 , 25 , 8 , 29 , 5 , 23 , 23 , 22 , 5 , 27 , 29 , 24 , 21 , 17 , 19 , 23 , 17 , 34 , 19 , 13 , 22 , 
Bins: 11 , 19 , 7 , 7 , 11 , 18 , 11 , 7 , 11 , 11 , 19 , 18 , 11 , 11 , 7 , 11 , 18 , 11 , 11 , 11 , 8 , 11 , 11 , 11 , 18 , 11 , 7 , 11 , 11 , 11 , 19 , 11 , 3 , 11 , 11 , 
Cost: 417768
time: 35.704377
nImprovAfterGreedy: 67
nImprovAfterRandom: 67
nMigrate: 182201
nSwap: 129751
n: 200
m: 20
Seed: 7529
