Items: 2 , 11 , 9 , 3 , 1 , 12 , 9 , 11 , 10 , 0 , 5 , 8 , 4 , 17 , 10 , 2 , 0 , 4 , 6 , 7 , 6 , 10 , 6 , 7 , 14 , 3 , 2 , 2 , 15 , 5 , 1 , 0 , 0 , 8 , 14 , 3 , 10 , 6 , 9 , 16 , 17 , 13 , 10 , 15 , 13 , 12 , 0 , 15 , 12 , 13 , 7 , 4 , 1 , 16 , 0 , 3 , 9 , 12 , 5 , 7 , 9 , 3 , 2 , 14 , 9 , 4 , 17 , 11 , 13 , 4 , 17 , 12 , 2 , 3 , 1 , 1 , 16 , 10 , 14 , 5 , 11 , 11 , 3 , 5 , 16 , 10 , 5 , 10 , 5 , 5 , 13 , 13 , 12 , 14 , 8 , 15 , 7 , 8 , 5 , 8 , 
Bins: 15 , 15 , 15 , 15 , 15 , 19 , 15 , 15 , 15 , 18 , 18 , 4 , 15 , 15 , 15 , 4 , 15 , 4 , 
Cost: 114749
time: 8.966906
nImprovAfterGreedy: 33
nImprovAfterRandom: 33
nMigrate: 150462
nSwap: 120241
n: 100
m: 20
Seed: 38293
