Items: 9 , 14 , 14 , 4 , 2 , 6 , 11 , 4 , 4 , 4 , 1 , 5 , 15 , 16 , 3 , 9 , 0 , 4 , 15 , 9 , 12 , 8 , 15 , 0 , 7 , 5 , 9 , 15 , 5 , 1 , 8 , 0 , 0 , 17 , 7 , 10 , 3 , 12 , 11 , 2 , 10 , 13 , 3 , 11 , 13 , 6 , 0 , 11 , 6 , 8 , 10 , 12 , 12 , 13 , 2 , 5 , 5 , 6 , 1 , 16 , 11 , 5 , 8 , 7 , 13 , 4 , 16 , 14 , 8 , 10 , 16 , 6 , 9 , 4 , 12 , 15 , 13 , 3 , 7 , 1 , 14 , 8 , 4 , 1 , 2 , 3 , 2 , 3 , 17 , 3 , 0 , 14 , 6 , 7 , 17 , 17 , 10 , 17 , 1 , 17 , 
Bins: 8 , 4 , 8 , 9 , 9 , 8 , 8 , 8 , 8 , 8 , 8 , 9 , 8 , 8 , 8 , 8 , 3 , 8 , 
Cost: 101489
time: 8.078859
nImprovAfterGreedy: 35
nImprovAfterRandom: 35
nMigrate: 155142
nSwap: 105056
n: 100
m: 10
Seed: 8178
