Items: 10 , 13 , 14 , 7 , 11 , 15 , 6 , 13 , 7 , 4 , 12 , 9 , 14 , 16 , 6 , 0 , 4 , 7 , 17 , 3 , 12 , 6 , 10 , 5 , 8 , 5 , 3 , 6 , 5 , 14 , 17 , 4 , 4 , 9 , 8 , 1 , 2 , 12 , 13 , 11 , 16 , 3 , 6 , 10 , 3 , 15 , 4 , 10 , 15 , 4 , 17 , 12 , 11 , 1 , 2 , 1 , 6 , 15 , 12 , 2 , 6 , 3 , 3 , 8 , 1 , 7 , 16 , 13 , 7 , 14 , 16 , 15 , 10 , 7 , 17 , 0 , 1 , 0 , 8 , 14 , 0 , 2 , 7 , 12 , 11 , 7 , 11 , 0 , 5 , 2 , 5 , 13 , 15 , 8 , 9 , 5 , 2 , 9 , 14 , 9 , 
Bins: 3 , 8 , 8 , 8 , 8 , 8 , 9 , 9 , 8 , 8 , 8 , 8 , 8 , 3 , 8 , 8 , 3 , 8 , 
Cost: 138542
time: 9.162772
nImprovAfterGreedy: 28
nImprovAfterRandom: 28
nMigrate: 212344
nSwap: 127370
n: 100
m: 10
Seed: 86151
