Items: 1 , 0 , 5 , 2 , 8 , 4 , 9 , 0 , 2 , 6 , 5 , 9 , 11 , 1 , 6 , 1 , 6 , 11 , 1 , 6 , 0 , 7 , 1 , 12 , 3 , 2 , 1 , 2 , 12 , 9 , 7 , 6 , 1 , 2 , 3 , 2 , 3 , 5 , 7 , 8 , 12 , 11 , 9 , 6 , 11 , 8 , 5 , 7 , 4 , 9 , 10 , 11 , 7 , 8 , 4 , 2 , 6 , 4 , 3 , 2 , 7 , 2 , 7 , 3 , 5 , 8 , 9 , 0 , 9 , 11 , 10 , 6 , 1 , 2 , 7 , 8 , 0 , 0 , 3 , 6 , 0 , 0 , 2 , 5 , 8 , 9 , 5 , 0 , 9 , 5 , 5 , 5 , 4 , 3 , 10 , 12 , 4 , 10 , 5 , 10 , 
Bins: 19 , 19 , 19 , 19 , 16 , 19 , 19 , 19 , 19 , 19 , 15 , 15 , 8 , 
Cost: 96873
time: 7.912324
nImprovAfterGreedy: 22
nImprovAfterRandom: 22
nMigrate: 204149
nSwap: 145149
n: 100
m: 20
Seed: 72546
