Items: 16 , 7 , 1 , 7 , 16 , 6 , 1 , 7 , 0 , 2 , 0 , 13 , 11 , 10 , 3 , 4 , 2 , 0 , 10 , 9 , 17 , 3 , 10 , 15 , 14 , 5 , 2 , 16 , 5 , 0 , 4 , 2 , 2 , 5 , 14 , 5 , 3 , 17 , 1 , 12 , 9 , 17 , 3 , 9 , 8 , 6 , 0 , 15 , 6 , 8 , 11 , 17 , 4 , 12 , 2 , 5 , 1 , 6 , 8 , 7 , 1 , 5 , 4 , 14 , 1 , 11 , 13 , 16 , 8 , 11 , 11 , 6 , 15 , 5 , 4 , 16 , 12 , 3 , 14 , 0 , 16 , 17 , 7 , 0 , 12 , 3 , 13 , 3 , 15 , 3 , 8 , 8 , 6 , 14 , 13 , 15 , 7 , 13 , 0 , 10 , 
Bins: 9 , 9 , 6 , 9 , 6 , 6 , 6 , 6 , 6 , 3 , 6 , 6 , 6 , 6 , 6 , 6 , 6 , 3 , 
Cost: 113770
time: 9.135322
nImprovAfterGreedy: 35
nImprovAfterRandom: 35
nMigrate: 206956
nSwap: 131253
n: 100
m: 10
Seed: 6327
