Items: 13 , 14 , 1 , 3 , 18 , 5 , 20 , 5 , 12 , 4 , 1 , 22 , 17 , 10 , 6 , 10 , 4 , 0 , 10 , 12 , 11 , 6 , 13 , 10 , 14 , 10 , 6 , 17 , 23 , 1 , 9 , 4 , 10 , 15 , 19 , 15 , 18 , 11 , 5 , 17 , 24 , 0 , 22 , 6 , 8 , 12 , 1 , 6 , 5 , 8 , 7 , 17 , 13 , 17 , 2 , 12 , 15 , 12 , 24 , 7 , 15 , 15 , 3 , 24 , 4 , 3 , 22 , 13 , 22 , 21 , 21 , 6 , 15 , 3 , 18 , 1 , 21 , 14 , 18 , 1 , 13 , 2 , 3 , 13 , 23 , 22 , 9 , 22 , 4 , 2 , 9 , 8 , 16 , 2 , 20 , 4 , 16 , 16 , 1 , 20 , 18 , 16 , 4 , 15 , 22 , 17 , 17 , 14 , 5 , 15 , 13 , 21 , 3 , 7 , 3 , 9 , 5 , 7 , 19 , 11 , 14 , 0 , 19 , 1 , 12 , 0 , 2 , 6 , 19 , 2 , 2 , 7 , 2 , 0 , 24 , 14 , 8 , 16 , 11 , 20 , 12 , 6 , 18 , 15 , 19 , 3 , 2 , 12 , 10 , 1 , 4 , 2 , 5 , 20 , 3 , 19 , 12 , 17 , 12 , 1 , 24 , 22 , 4 , 4 , 5 , 23 , 11 , 0 , 8 , 7 , 16 , 16 , 9 , 21 , 13 , 23 , 0 , 14 , 10 , 15 , 13 , 18 , 11 , 11 , 11 , 14 , 20 , 12 , 0 , 0 , 2 , 23 , 12 , 6 , 5 , 21 , 19 , 5 , 17 , 17 , 
Bins: 19 , 19 , 19 , 19 , 19 , 19 , 19 , 17 , 2 , 15 , 19 , 19 , 19 , 19 , 19 , 19 , 19 , 19 , 19 , 19 , 19 , 17 , 19 , 15 , 15 , 
Cost: 382634
time: 31.997135
nImprovAfterGreedy: 62
nImprovAfterRandom: 62
nMigrate: 212170
nSwap: 143893
n: 200
m: 20
Seed: 33157
