Items: 17 , 22 , 17 , 14 , 15 , 4 , 2 , 20 , 2 , 13 , 16 , 8 , 9 , 18 , 3 , 17 , 13 , 23 , 7 , 11 , 12 , 9 , 12 , 13 , 16 , 19 , 3 , 9 , 12 , 17 , 17 , 3 , 13 , 8 , 5 , 14 , 21 , 10 , 17 , 19 , 24 , 11 , 2 , 3 , 1 , 20 , 6 , 12 , 8 , 1 , 22 , 9 , 15 , 19 , 3 , 7 , 7 , 4 , 5 , 6 , 17 , 14 , 11 , 24 , 18 , 19 , 4 , 20 , 6 , 18 , 18 , 3 , 14 , 19 , 15 , 21 , 4 , 22 , 15 , 3 , 21 , 10 , 22 , 16 , 19 , 10 , 23 , 6 , 13 , 10 , 20 , 1 , 4 , 14 , 23 , 8 , 22 , 16 , 6 , 8 , 10 , 21 , 17 , 7 , 13 , 9 , 9 , 2 , 4 , 8 , 0 , 18 , 3 , 14 , 22 , 22 , 14 , 0 , 5 , 14 , 16 , 0 , 24 , 9 , 10 , 23 , 14 , 11 , 24 , 9 , 17 , 6 , 10 , 0 , 24 , 16 , 1 , 4 , 10 , 2 , 4 , 11 , 15 , 2 , 5 , 21 , 12 , 0 , 7 , 6 , 11 , 2 , 8 , 2 , 11 , 5 , 20 , 6 , 20 , 0 , 18 , 21 , 13 , 20 , 20 , 23 , 14 , 23 , 1 , 6 , 4 , 21 , 23 , 18 , 20 , 12 , 0 , 16 , 7 , 11 , 13 , 15 , 20 , 20 , 18 , 2 , 17 , 20 , 0 , 0 , 0 , 12 , 10 , 3 , 2 , 18 , 5 , 7 , 10 , 17 , 
Bins: 49 , 6 , 49 , 49 , 49 , 36 , 49 , 45 , 36 , 36 , 49 , 45 , 36 , 49 , 49 , 36 , 36 , 49 , 49 , 36 , 49 , 45 , 49 , 49 , 27 , 
Cost: 388815
time: 28.822564
nImprovAfterGreedy: 52
nImprovAfterRandom: 52
nMigrate: 145519
nSwap: 119460
n: 200
m: 50
Seed: 18236
