Items: 15 , 0 , 25 , 1 , 10 , 15 , 19 , 9 , 14 , 9 , 29 , 12 , 6 , 5 , 10 , 24 , 4 , 6 , 5 , 5 , 2 , 31 , 2 , 26 , 29 , 12 , 26 , 18 , 2 , 11 , 24 , 26 , 26 , 12 , 1 , 1 , 10 , 2 , 15 , 13 , 30 , 20 , 14 , 16 , 20 , 14 , 4 , 31 , 15 , 22 , 21 , 3 , 10 , 13 , 9 , 14 , 11 , 14 , 29 , 25 , 25 , 11 , 27 , 30 , 1 , 5 , 23 , 27 , 6 , 17 , 17 , 4 , 9 , 1 , 3 , 13 , 17 , 10 , 10 , 5 , 28 , 16 , 21 , 16 , 31 , 10 , 28 , 0 , 26 , 9 , 19 , 22 , 15 , 1 , 19 , 18 , 28 , 4 , 0 , 19 , 3 , 27 , 24 , 11 , 12 , 27 , 13 , 8 , 15 , 25 , 6 , 21 , 23 , 27 , 28 , 28 , 17 , 18 , 23 , 17 , 4 , 18 , 6 , 25 , 14 , 19 , 1 , 16 , 9 , 13 , 3 , 0 , 27 , 18 , 30 , 12 , 22 , 14 , 20 , 11 , 14 , 16 , 12 , 11 , 20 , 29 , 27 , 7 , 24 , 0 , 4 , 1 , 13 , 7 , 25 , 23 , 14 , 0 , 9 , 15 , 30 , 22 , 1 , 18 , 25 , 16 , 8 , 7 , 22 , 8 , 17 , 21 , 19 , 7 , 23 , 2 , 6 , 3 , 5 , 25 , 22 , 18 , 20 , 20 , 20 , 4 , 24 , 9 , 6 , 7 , 24 , 2 , 14 , 26 , 7 , 0 , 23 , 15 , 3 , 12 , 
Bins: 9 , 9 , 7 , 7 , 7 , 9 , 9 , 7 , 0 , 9 , 9 , 7 , 7 , 9 , 9 , 9 , 7 , 7 , 9 , 9 , 7 , 2 , 7 , 9 , 9 , 7 , 7 , 7 , 7 , 1 , 2 , 0 , 
Cost: 419017
time: 36.302344
nImprovAfterGreedy: 38
nImprovAfterRandom: 38
nMigrate: 227706
nSwap: 160343
n: 200
m: 10
Seed: 55198
