Items: 6 , 1 , 15 , 3 , 6 , 7 , 12 , 3 , 12 , 4 , 11 , 0 , 7 , 12 , 14 , 15 , 9 , 11 , 12 , 4 , 1 , 4 , 1 , 9 , 11 , 12 , 4 , 15 , 0 , 11 , 2 , 4 , 9 , 10 , 5 , 5 , 10 , 14 , 6 , 6 , 9 , 13 , 10 , 6 , 13 , 10 , 0 , 4 , 7 , 2 , 5 , 14 , 5 , 13 , 14 , 11 , 8 , 10 , 11 , 3 , 2 , 8 , 2 , 7 , 13 , 3 , 12 , 8 , 4 , 5 , 3 , 4 , 15 , 8 , 2 , 15 , 13 , 1 , 6 , 11 , 1 , 8 , 3 , 8 , 14 , 0 , 9 , 1 , 10 , 11 , 0 , 6 , 7 , 5 , 0 , 10 , 3 , 0 , 11 , 10 , 
Bins: 44 , 44 , 38 , 39 , 48 , 48 , 44 , 39 , 44 , 39 , 48 , 49 , 48 , 38 , 38 , 38 , 
Cost: 113438
time: 8.507646
nImprovAfterGreedy: 37
nImprovAfterRandom: 37
nMigrate: 126858
nSwap: 115250
n: 100
m: 50
Seed: 12028
