Items: 13 , 2 , 2 , 0 , 13 , 1 , 21 , 19 , 9 , 8 , 6 , 25 , 26 , 24 , 4 , 20 , 11 , 16 , 29 , 24 , 27 , 14 , 26 , 11 , 30 , 20 , 8 , 18 , 14 , 2 , 20 , 8 , 8 , 20 , 3 , 3 , 15 , 27 , 1 , 6 , 23 , 26 , 15 , 4 , 28 , 14 , 17 , 10 , 1 , 7 , 30 , 15 , 10 , 5 , 3 , 0 , 18 , 14 , 6 , 17 , 18 , 18 , 10 , 6 , 11 , 24 , 25 , 10 , 28 , 4 , 24 , 4 , 12 , 0 , 27 , 7 , 12 , 15 , 15 , 4 , 7 , 31 , 0 , 23 , 6 , 25 , 23 , 27 , 11 , 27 , 14 , 16 , 26 , 3 , 1 , 14 , 0 , 17 , 2 , 9 , 25 , 31 , 2 , 18 , 20 , 10 , 5 , 12 , 13 , 1 , 21 , 21 , 0 , 8 , 0 , 30 , 19 , 21 , 26 , 3 , 30 , 21 , 22 , 28 , 14 , 5 , 3 , 25 , 22 , 8 , 22 , 2 , 17 , 21 , 23 , 17 , 16 , 4 , 8 , 9 , 20 , 18 , 14 , 5 , 22 , 15 , 10 , 19 , 29 , 2 , 17 , 3 , 1 , 19 , 17 , 22 , 14 , 27 , 19 , 13 , 23 , 31 , 9 , 14 , 19 , 23 , 27 , 5 , 16 , 16 , 7 , 7 , 11 , 24 , 13 , 16 , 21 , 30 , 29 , 25 , 11 , 13 , 12 , 12 , 12 , 15 , 13 , 12 , 11 , 5 , 26 , 7 , 19 , 4 , 19 , 24 , 22 , 19 , 27 , 20 , 
Bins: 9 , 9 , 9 , 9 , 9 , 7 , 9 , 7 , 7 , 1 , 7 , 9 , 9 , 9 , 9 , 7 , 7 , 7 , 9 , 7 , 7 , 9 , 7 , 7 , 9 , 7 , 7 , 9 , 0 , 0 , 7 , 0 , 
Cost: 419543
time: 37.717054
nImprovAfterGreedy: 36
nImprovAfterRandom: 36
nMigrate: 252426
nSwap: 171098
n: 200
m: 10
Seed: 82380
