Items: 8 , 3 , 1 , 2 , 0 , 9 , 4 , 3 , 7 , 6 , 1 , 10 , 5 , 8 , 0 , 8 , 6 , 7 , 3 , 2 , 3 , 3 , 3 , 6 , 11 , 2 , 6 , 8 , 2 , 1 , 4 , 6 , 6 , 2 , 11 , 2 , 0 , 1 , 4 , 5 , 11 , 7 , 7 , 0 , 7 , 7 , 7 , 3 , 9 , 7 , 3 , 8 , 4 , 5 , 9 , 2 , 2 , 9 , 11 , 12 , 4 , 2 , 4 , 11 , 6 , 5 , 10 , 8 , 7 , 12 , 10 , 0 , 8 , 2 , 4 , 5 , 12 , 0 , 0 , 1 , 8 , 1 , 2 , 1 , 5 , 0 , 1 , 4 , 6 , 1 , 7 , 7 , 9 , 11 , 10 , 8 , 9 , 10 , 1 , 0 , 
Bins: 19 , 19 , 19 , 19 , 19 , 19 , 19 , 19 , 19 , 16 , 15 , 19 , 1 , 
Cost: 88229
time: 7.870156
nImprovAfterGreedy: 15
nImprovAfterRandom: 15
nMigrate: 202966
nSwap: 145238
n: 100
m: 20
Seed: 25151
