Items: 6 , 0 , 4 , 13 , 22 , 18 , 18 , 7 , 13 , 20 , 29 , 22 , 24 , 11 , 27 , 12 , 20 , 23 , 11 , 27 , 9 , 3 , 24 , 10 , 5 , 12 , 27 , 19 , 10 , 29 , 3 , 20 , 11 , 12 , 16 , 13 , 30 , 9 , 18 , 1 , 15 , 17 , 16 , 27 , 17 , 14 , 4 , 19 , 18 , 3 , 7 , 9 , 19 , 0 , 4 , 25 , 25 , 16 , 1 , 4 , 4 , 25 , 24 , 15 , 11 , 13 , 26 , 12 , 3 , 21 , 21 , 27 , 19 , 13 , 9 , 6 , 14 , 0 , 16 , 27 , 29 , 8 , 13 , 28 , 1 , 22 , 26 , 0 , 20 , 4 , 3 , 23 , 24 , 16 , 10 , 12 , 7 , 5 , 28 , 2 , 22 , 21 , 20 , 25 , 12 , 19 , 9 , 28 , 13 , 4 , 8 , 21 , 30 , 7 , 24 , 26 , 7 , 6 , 30 , 3 , 5 , 6 , 15 , 28 , 14 , 10 , 16 , 26 , 15 , 7 , 23 , 1 , 19 , 8 , 15 , 5 , 23 , 14 , 17 , 2 , 14 , 25 , 16 , 25 , 17 , 29 , 19 , 8 , 11 , 0 , 20 , 16 , 18 , 13 , 4 , 30 , 14 , 0 , 14 , 6 , 6 , 21 , 5 , 12 , 7 , 10 , 13 , 10 , 23 , 28 , 3 , 29 , 28 , 26 , 6 , 23 , 8 , 5 , 11 , 4 , 1 , 6 , 17 , 17 , 17 , 0 , 2 , 14 , 8 , 8 , 23 , 29 , 14 , 27 , 20 , 21 , 30 , 18 , 9 , 4 , 
Bins: 9 , 9 , 2 , 9 , 8 , 8 , 9 , 8 , 8 , 8 , 9 , 9 , 8 , 9 , 9 , 8 , 9 , 8 , 9 , 9 , 9 , 8 , 2 , 8 , 8 , 8 , 8 , 9 , 9 , 8 , 9 , 
Cost: 389634
time: 31.301252
nImprovAfterGreedy: 54
nImprovAfterRandom: 54
nMigrate: 206829
nSwap: 121623
n: 200
m: 10
Seed: 60511
