Items: 5 , 6 , 12 , 11 , 2 , 13 , 15 , 9 , 15 , 16 , 1 , 16 , 4 , 3 , 6 , 12 , 7 , 8 , 3 , 3 , 9 , 10 , 9 , 7 , 17 , 10 , 12 , 10 , 0 , 4 , 2 , 6 , 7 , 14 , 17 , 11 , 14 , 4 , 12 , 8 , 7 , 13 , 14 , 5 , 13 , 14 , 16 , 16 , 13 , 8 , 2 , 10 , 2 , 0 , 4 , 10 , 10 , 14 , 1 , 11 , 12 , 10 , 13 , 17 , 1 , 0 , 5 , 9 , 8 , 5 , 1 , 6 , 16 , 0 , 2 , 3 , 11 , 6 , 17 , 4 , 9 , 4 , 15 , 1 , 0 , 6 , 7 , 6 , 14 , 4 , 15 , 15 , 13 , 17 , 16 , 14 , 11 , 11 , 1 , 14 , 
Bins: 23 , 23 , 37 , 15 , 37 , 13 , 42 , 39 , 11 , 37 , 37 , 37 , 13 , 39 , 48 , 11 , 42 , 37 , 
Cost: 137267
time: 9.732418
nImprovAfterGreedy: 33
nImprovAfterRandom: 33
nMigrate: 127317
nSwap: 135440
n: 100
m: 50
Seed: 77416
