Items: 10 , 16 , 10 , 9 , 15 , 6 , 0 , 9 , 7 , 8 , 2 , 5 , 23 , 20 , 22 , 10 , 8 , 7 , 10 , 19 , 13 , 22 , 16 , 18 , 16 , 10 , 11 , 22 , 14 , 2 , 11 , 8 , 4 , 5 , 3 , 23 , 22 , 13 , 11 , 17 , 17 , 19 , 22 , 21 , 19 , 9 , 7 , 21 , 6 , 4 , 6 , 22 , 15 , 1 , 3 , 7 , 23 , 9 , 2 , 18 , 11 , 23 , 11 , 0 , 8 , 20 , 20 , 14 , 4 , 23 , 20 , 6 , 3 , 14 , 11 , 22 , 9 , 14 , 22 , 2 , 14 , 12 , 14 , 2 , 17 , 15 , 17 , 11 , 8 , 2 , 7 , 19 , 6 , 3 , 5 , 8 , 12 , 16 , 2 , 5 , 0 , 12 , 8 , 2 , 4 , 15 , 15 , 3 , 15 , 5 , 7 , 20 , 17 , 23 , 6 , 14 , 23 , 1 , 21 , 13 , 16 , 1 , 21 , 18 , 9 , 18 , 3 , 12 , 0 , 15 , 15 , 18 , 15 , 1 , 17 , 16 , 19 , 9 , 13 , 5 , 9 , 12 , 4 , 23 , 7 , 22 , 15 , 7 , 10 , 1 , 8 , 3 , 5 , 0 , 9 , 21 , 7 , 11 , 9 , 1 , 20 , 12 , 8 , 8 , 19 , 17 , 13 , 7 , 19 , 18 , 4 , 4 , 2 , 20 , 10 , 14 , 7 , 16 , 10 , 10 , 15 , 6 , 13 , 13 , 13 , 1 , 0 , 9 , 7 , 1 , 19 , 3 , 7 , 12 , 22 , 20 , 21 , 9 , 11 , 11 , 
Bins: 49 , 49 , 49 , 49 , 49 , 49 , 49 , 49 , 49 , 49 , 49 , 49 , 49 , 49 , 49 , 49 , 48 , 49 , 49 , 48 , 49 , 47 , 49 , 48 , 
Cost: 365445
time: 31.910050
nImprovAfterGreedy: 44
nImprovAfterRandom: 44
nMigrate: 155649
nSwap: 146221
n: 200
m: 50
Seed: 157
