Items: 9 , 5 , 5 , 14 , 17 , 16 , 15 , 14 , 4 , 0 , 8 , 3 , 1 , 10 , 10 , 9 , 12 , 1 , 2 , 10 , 11 , 15 , 1 , 7 , 3 , 13 , 9 , 9 , 13 , 4 , 2 , 6 , 6 , 13 , 6 , 13 , 15 , 12 , 5 , 18 , 0 , 15 , 12 , 0 , 15 , 16 , 4 , 11 , 16 , 6 , 2 , 12 , 3 , 18 , 12 , 13 , 10 , 16 , 3 , 14 , 10 , 13 , 9 , 1 , 17 , 14 , 0 , 11 , 6 , 1 , 14 , 16 , 9 , 13 , 2 , 18 , 17 , 5 , 15 , 4 , 11 , 8 , 14 , 8 , 18 , 3 , 8 , 7 , 12 , 8 , 8 , 5 , 16 , 6 , 17 , 7 , 14 , 8 , 4 , 7 , 
Bins: 4 , 15 , 15 , 15 , 3 , 4 , 15 , 4 , 15 , 15 , 17 , 15 , 15 , 15 , 16 , 12 , 15 , 4 , 15 , 
Cost: 139920
time: 11.199031
nImprovAfterGreedy: 30
nImprovAfterRandom: 30
nMigrate: 200980
nSwap: 175418
n: 100
m: 20
Seed: 36202
