Items: 4 , 5 , 1 , 2 , 12 , 3 , 9 , 2 , 2 , 10 , 1 , 14 , 12 , 3 , 5 , 4 , 9 , 12 , 3 , 15 , 10 , 10 , 5 , 9 , 0 , 7 , 4 , 10 , 7 , 1 , 13 , 5 , 6 , 7 , 6 , 7 , 11 , 1 , 3 , 0 , 11 , 15 , 11 , 15 , 15 , 2 , 1 , 10 , 3 , 6 , 3 , 11 , 13 , 0 , 8 , 7 , 7 , 10 , 0 , 8 , 13 , 7 , 15 , 11 , 9 , 2 , 6 , 4 , 6 , 12 , 14 , 10 , 4 , 2 , 13 , 13 , 12 , 5 , 11 , 1 , 4 , 8 , 2 , 1 , 0 , 5 , 12 , 5 , 9 , 1 , 2 , 2 , 15 , 6 , 14 , 10 , 8 , 14 , 1 , 14 , 
Bins: 9 , 9 , 9 , 9 , 8 , 9 , 8 , 8 , 4 , 9 , 9 , 8 , 8 , 8 , 8 , 8 , 
Cost: 92181
time: 7.250671
nImprovAfterGreedy: 22
nImprovAfterRandom: 22
nMigrate: 181552
nSwap: 98584
n: 100
m: 10
Seed: 68380
