Items: 22 , 15 , 7 , 17 , 22 , 12 , 13 , 10 , 18 , 14 , 8 , 9 , 12 , 11 , 1 , 11 , 7 , 19 , 11 , 1 , 13 , 14 , 15 , 19 , 15 , 14 , 1 , 3 , 14 , 23 , 11 , 7 , 19 , 14 , 20 , 9 , 4 , 8 , 12 , 2 , 16 , 2 , 4 , 1 , 2 , 10 , 7 , 21 , 12 , 0 , 5 , 4 , 9 , 18 , 23 , 14 , 4 , 14 , 8 , 17 , 7 , 4 , 18 , 11 , 8 , 5 , 12 , 9 , 2 , 5 , 22 , 1 , 21 , 17 , 18 , 3 , 10 , 17 , 4 , 1 , 3 , 1 , 17 , 8 , 8 , 9 , 21 , 15 , 14 , 14 , 14 , 0 , 12 , 23 , 22 , 14 , 17 , 15 , 21 , 10 , 22 , 2 , 23 , 4 , 19 , 9 , 18 , 21 , 12 , 7 , 6 , 5 , 3 , 5 , 12 , 21 , 5 , 6 , 20 , 5 , 15 , 6 , 20 , 16 , 10 , 19 , 23 , 1 , 20 , 23 , 23 , 2 , 23 , 6 , 16 , 2 , 0 , 10 , 13 , 10 , 10 , 16 , 0 , 4 , 20 , 3 , 23 , 16 , 11 , 7 , 7 , 23 , 18 , 13 , 7 , 20 , 14 , 17 , 14 , 6 , 8 , 2 , 17 , 14 , 19 , 9 , 13 , 19 , 0 , 17 , 3 , 3 , 21 , 9 , 22 , 0 , 6 , 15 , 11 , 19 , 22 , 6 , 13 , 13 , 13 , 6 , 22 , 10 , 6 , 6 , 23 , 3 , 16 , 1 , 18 , 8 , 20 , 13 , 18 , 7 , 
Bins: 38 , 49 , 49 , 49 , 48 , 48 , 49 , 49 , 49 , 49 , 49 , 49 , 49 , 49 , 49 , 48 , 47 , 49 , 49 , 49 , 49 , 49 , 49 , 49 , 
Cost: 365033
time: 29.580149
nImprovAfterGreedy: 52
nImprovAfterRandom: 52
nMigrate: 137230
nSwap: 129788
n: 200
m: 50
Seed: 83969
