Items: 0 , 1 , 4 , 3 , 2 , 6 , 5 , 1 , 9 , 7 , 4 , 8 , 9 , 6 , 2 , 0 , 7 , 9 , 1 , 6 , 1 , 1 , 1 , 7 , 10 , 3 , 0 , 0 , 3 , 4 , 5 , 7 , 7 , 3 , 12 , 3 , 2 , 4 , 5 , 10 , 11 , 10 , 11 , 2 , 10 , 9 , 7 , 1 , 6 , 9 , 1 , 11 , 5 , 10 , 11 , 3 , 7 , 6 , 10 , 11 , 5 , 3 , 5 , 12 , 7 , 9 , 6 , 0 , 9 , 8 , 8 , 2 , 0 , 3 , 5 , 0 , 8 , 2 , 2 , 4 , 0 , 4 , 3 , 4 , 10 , 2 , 4 , 5 , 0 , 4 , 9 , 9 , 6 , 6 , 8 , 3 , 11 , 8 , 4 , 2 , 
Bins: 49 , 49 , 49 , 49 , 49 , 49 , 49 , 49 , 48 , 49 , 49 , 38 , 2 , 
Cost: 88019
time: 7.334083
nImprovAfterGreedy: 30
nImprovAfterRandom: 30
nMigrate: 120646
nSwap: 126623
n: 100
m: 50
Seed: 70555
