Items: 7 , 8 , 9 , 0 , 7 , 12 , 1 , 16 , 0 , 0 , 0 , 15 , 9 , 17 , 2 , 11 , 3 , 0 , 17 , 17 , 14 , 2 , 7 , 4 , 8 , 6 , 11 , 16 , 6 , 9 , 10 , 3 , 3 , 15 , 13 , 6 , 2 , 14 , 10 , 11 , 13 , 6 , 2 , 6 , 11 , 12 , 3 , 5 , 12 , 8 , 5 , 14 , 10 , 11 , 14 , 6 , 1 , 12 , 8 , 5 , 10 , 6 , 10 , 4 , 1 , 0 , 13 , 16 , 13 , 9 , 17 , 12 , 4 , 0 , 7 , 7 , 16 , 2 , 7 , 9 , 16 , 5 , 0 , 8 , 1 , 2 , 3 , 2 , 4 , 2 , 3 , 8 , 12 , 13 , 15 , 4 , 5 , 15 , 9 , 15 , 
Bins: 9 , 6 , 9 , 6 , 6 , 6 , 6 , 6 , 6 , 6 , 6 , 6 , 6 , 6 , 3 , 6 , 6 , 6 , 
Cost: 113708
time: 9.077306
nImprovAfterGreedy: 32
nImprovAfterRandom: 32
nMigrate: 198266
nSwap: 130172
n: 100
m: 10
Seed: 5677
