Items: 24 , 9 , 25 , 2 , 17 , 21 , 22 , 0 , 25 , 16 , 30 , 10 , 27 , 7 , 17 , 7 , 14 , 6 , 7 , 14 , 20 , 28 , 11 , 29 , 9 , 18 , 8 , 12 , 11 , 25 , 4 , 14 , 14 , 18 , 2 , 2 , 17 , 20 , 24 , 3 , 9 , 15 , 17 , 8 , 15 , 5 , 14 , 12 , 3 , 4 , 28 , 20 , 12 , 9 , 20 , 16 , 16 , 5 , 30 , 29 , 16 , 16 , 4 , 30 , 19 , 7 , 10 , 18 , 10 , 27 , 24 , 26 , 12 , 19 , 4 , 21 , 22 , 17 , 17 , 25 , 17 , 23 , 2 , 30 , 1 , 10 , 1 , 21 , 8 , 20 , 25 , 25 , 5 , 2 , 24 , 18 , 23 , 21 , 25 , 26 , 28 , 23 , 24 , 16 , 18 , 12 , 27 , 3 , 3 , 20 , 6 , 27 , 11 , 0 , 3 , 1 , 0 , 19 , 6 , 0 , 28 , 19 , 13 , 15 , 5 , 29 , 2 , 23 , 13 , 3 , 13 , 1 , 12 , 19 , 15 , 15 , 6 , 5 , 30 , 26 , 5 , 23 , 18 , 2 , 13 , 19 , 12 , 0 , 7 , 0 , 14 , 2 , 24 , 26 , 14 , 13 , 22 , 21 , 20 , 21 , 27 , 10 , 22 , 18 , 0 , 29 , 2 , 8 , 6 , 29 , 5 , 21 , 25 , 10 , 15 , 11 , 6 , 9 , 7 , 24 , 1 , 28 , 22 , 22 , 22 , 28 , 26 , 22 , 6 , 8 , 6 , 11 , 9 , 8 , 26 , 27 , 13 , 16 , 4 , 4 , 
Bins: 6 , 6 , 9 , 8 , 6 , 9 , 9 , 9 , 6 , 9 , 9 , 6 , 9 , 6 , 6 , 6 , 6 , 9 , 6 , 6 , 6 , 6 , 9 , 6 , 9 , 9 , 6 , 6 , 6 , 6 , 6 , 
Cost: 394239
time: 33.784983
nImprovAfterGreedy: 41
nImprovAfterRandom: 41
nMigrate: 244608
nSwap: 139104
n: 200
m: 10
Seed: 39505
