Items: 32 , 1 , 22 , 36 , 27 , 5 , 2 , 32 , 37 , 15 , 24 , 21 , 35 , 34 , 12 , 23 , 13 , 24 , 23 , 19 , 2 , 16 , 1 , 13 , 19 , 16 , 26 , 27 , 16 , 22 , 20 , 22 , 23 , 15 , 4 , 36 , 28 , 33 , 5 , 4 , 31 , 31 , 28 , 11 , 31 , 18 , 0 , 9 , 5 , 6 , 5 , 33 , 24 , 1 , 22 , 25 , 26 , 19 , 8 , 21 , 26 , 36 , 29 , 14 , 8 , 32 , 37 , 30 , 28 , 3 , 9 , 12 , 29 , 0 , 14 , 20 , 3 , 12 , 28 , 22 , 27 , 33 , 34 , 8 , 8 , 14 , 27 , 12 , 13 , 2 , 13 , 35 , 29 , 4 , 7 , 15 , 6 , 10 , 17 , 7 , 14 , 29 , 22 , 26 , 23 , 7 , 15 , 7 , 7 , 2 , 24 , 27 , 0 , 29 , 0 , 27 , 28 , 32 , 35 , 25 , 1 , 6 , 19 , 31 , 33 , 7 , 4 , 11 , 19 , 37 , 14 , 5 , 13 , 10 , 31 , 9 , 35 , 33 , 18 , 18 , 37 , 11 , 16 , 36 , 25 , 8 , 29 , 10 , 20 , 17 , 12 , 4 , 30 , 36 , 19 , 9 , 16 , 10 , 32 , 37 , 15 , 34 , 18 , 16 , 25 , 21 , 11 , 13 , 35 , 21 , 6 , 10 , 13 , 34 , 32 , 20 , 10 , 19 , 23 , 3 , 17 , 28 , 25 , 25 , 24 , 1 , 20 , 32 , 13 , 13 , 35 , 22 , 2 , 6 , 1 , 3 , 0 , 25 , 14 , 19 , 
Bins: 19 , 37 , 11 , 13 , 19 , 23 , 17 , 42 , 23 , 17 , 37 , 14 , 19 , 49 , 23 , 13 , 11 , 0 , 7 , 48 , 37 , 7 , 37 , 37 , 11 , 37 , 13 , 37 , 32 , 37 , 0 , 37 , 38 , 14 , 4 , 37 , 13 , 13 , 
Cost: 464463
time: 38.577233
nImprovAfterGreedy: 55
nImprovAfterRandom: 55
nMigrate: 140772
nSwap: 140207
n: 200
m: 50
Seed: 92679
