Items: 9 , 3 , 7 , 3 , 0 , 10 , 4 , 1 , 2 , 5 , 2 , 11 , 10 , 9 , 0 , 1 , 8 , 12 , 9 , 9 , 1 , 5 , 12 , 8 , 6 , 3 , 9 , 5 , 5 , 2 , 4 , 7 , 7 , 3 , 11 , 3 , 0 , 2 , 4 , 6 , 8 , 8 , 8 , 0 , 6 , 1 , 2 , 5 , 10 , 7 , 9 , 8 , 4 , 6 , 2 , 5 , 5 , 5 , 6 , 3 , 4 , 3 , 4 , 11 , 1 , 9 , 11 , 1 , 7 , 12 , 9 , 0 , 5 , 3 , 4 , 6 , 1 , 0 , 0 , 2 , 1 , 4 , 3 , 2 , 6 , 0 , 2 , 10 , 8 , 2 , 7 , 7 , 10 , 11 , 1 , 5 , 3 , 10 , 2 , 0 , 
Bins: 19 , 19 , 19 , 19 , 19 , 19 , 19 , 15 , 19 , 19 , 16 , 15 , 0 , 
Cost: 96877
time: 14.006147
nImprovAfterGreedy: 30
nImprovAfterRandom: 30
nMigrate: 188522
nSwap: 146308
n: 100
m: 20
Seed: 93976
