Items: 12 , 6 , 2 , 7 , 3 , 4 , 11 , 11 , 7 , 7 , 5 , 8 , 8 , 12 , 3 , 2 , 3 , 1 , 0 , 10 , 9 , 9 , 8 , 9 , 15 , 9 , 2 , 12 , 9 , 5 , 2 , 2 , 1 , 9 , 15 , 7 , 3 , 5 , 6 , 15 , 10 , 10 , 3 , 14 , 6 , 14 , 5 , 14 , 4 , 6 , 0 , 13 , 2 , 14 , 13 , 7 , 7 , 4 , 15 , 10 , 2 , 7 , 6 , 15 , 11 , 12 , 8 , 13 , 6 , 1 , 12 , 14 , 10 , 7 , 0 , 3 , 11 , 3 , 3 , 5 , 3 , 5 , 7 , 5 , 13 , 8 , 5 , 10 , 8 , 5 , 5 , 6 , 4 , 4 , 11 , 9 , 4 , 11 , 5 , 14 , 
Bins: 1 , 0 , 14 , 19 , 16 , 19 , 18 , 17 , 14 , 7 , 14 , 17 , 4 , 2 , 18 , 17 , 
Cost: 114182
time: 8.667018
nImprovAfterGreedy: 25
nImprovAfterRandom: 25
nMigrate: 142780
nSwap: 143687
n: 100
m: 20
Seed: 51128
