Items: 16 , 0 , 0 , 7 , 2 , 17 , 9 , 10 , 3 , 5 , 3 , 8 , 10 , 9 , 4 , 16 , 6 , 3 , 16 , 9 , 0 , 5 , 16 , 5 , 15 , 1 , 6 , 5 , 5 , 3 , 2 , 6 , 6 , 8 , 15 , 1 , 4 , 0 , 17 , 14 , 14 , 13 , 4 , 11 , 13 , 10 , 3 , 11 , 17 , 13 , 12 , 7 , 2 , 14 , 11 , 1 , 1 , 17 , 7 , 7 , 5 , 1 , 13 , 15 , 6 , 13 , 9 , 12 , 13 , 10 , 16 , 6 , 11 , 1 , 2 , 14 , 10 , 4 , 15 , 3 , 12 , 12 , 7 , 3 , 7 , 4 , 2 , 4 , 11 , 4 , 5 , 0 , 17 , 15 , 8 , 5 , 12 , 8 , 3 , 8 , 
Bins: 8 , 8 , 8 , 9 , 9 , 9 , 8 , 8 , 8 , 7 , 8 , 8 , 8 , 8 , 8 , 8 , 8 , 8 , 
Cost: 101587
time: 8.357155
nImprovAfterGreedy: 21
nImprovAfterRandom: 21
nMigrate: 162051
nSwap: 105700
n: 100
m: 10
Seed: 37589
