Items: 13 , 3 , 3 , 1 , 2 , 11 , 8 , 15 , 1 , 1 , 3 , 9 , 6 , 12 , 8 , 13 , 10 , 1 , 6 , 12 , 4 , 4 , 6 , 10 , 16 , 9 , 13 , 1 , 9 , 5 , 13 , 3 , 12 , 7 , 16 , 15 , 2 , 5 , 14 , 17 , 10 , 0 , 2 , 4 , 0 , 11 , 1 , 4 , 11 , 12 , 15 , 0 , 6 , 17 , 5 , 9 , 9 , 11 , 0 , 0 , 0 , 9 , 16 , 16 , 8 , 1 , 14 , 8 , 14 , 10 , 14 , 11 , 13 , 1 , 2 , 17 , 15 , 8 , 2 , 5 , 4 , 14 , 1 , 3 , 17 , 8 , 2 , 6 , 7 , 5 , 3 , 3 , 11 , 16 , 7 , 7 , 15 , 7 , 5 , 7 , 
Bins: 8 , 9 , 8 , 8 , 8 , 8 , 8 , 8 , 9 , 8 , 8 , 8 , 3 , 8 , 3 , 8 , 8 , 8 , 
Cost: 139255
time: 10.095134
nImprovAfterGreedy: 19
nImprovAfterRandom: 19
nMigrate: 206683
nSwap: 153837
n: 100
m: 10
Seed: 98324
