Items: 18 , 2 , 2 , 8 , 4 , 20 , 0 , 0 , 19 , 9 , 1 , 16 , 22 , 14 , 4 , 14 , 9 , 23 , 14 , 8 , 11 , 21 , 15 , 13 , 20 , 14 , 6 , 22 , 15 , 1 , 14 , 9 , 23 , 20 , 17 , 8 , 4 , 11 , 0 , 22 , 18 , 18 , 19 , 4 , 18 , 19 , 11 , 2 , 20 , 10 , 21 , 19 , 2 , 22 , 3 , 19 , 16 , 19 , 1 , 8 , 16 , 8 , 10 , 1 , 9 , 12 , 12 , 2 , 17 , 7 , 7 , 20 , 3 , 8 , 10 , 22 , 7 , 4 , 4 , 1 , 4 , 6 , 8 , 1 , 15 , 16 , 23 , 20 , 9 , 1 , 19 , 2 , 19 , 3 , 16 , 13 , 6 , 20 , 1 , 13 , 21 , 6 , 9 , 16 , 2 , 22 , 22 , 10 , 11 , 16 , 23 , 12 , 2 , 3 , 8 , 23 , 21 , 21 , 23 , 11 , 5 , 21 , 17 , 18 , 19 , 13 , 3 , 6 , 17 , 3 , 9 , 11 , 3 , 12 , 18 , 17 , 10 , 19 , 0 , 13 , 19 , 22 , 10 , 8 , 7 , 4 , 3 , 13 , 14 , 11 , 9 , 3 , 16 , 11 , 8 , 17 , 19 , 20 , 0 , 20 , 7 , 5 , 9 , 9 , 0 , 15 , 11 , 12 , 5 , 5 , 6 , 5 , 23 , 6 , 18 , 15 , 12 , 20 , 1 , 7 , 5 , 21 , 0 , 0 , 7 , 21 , 14 , 7 , 23 , 12 , 3 , 15 , 0 , 6 , 21 , 7 , 17 , 0 , 10 , 14 , 
Bins: 49 , 49 , 49 , 49 , 49 , 48 , 49 , 48 , 49 , 49 , 49 , 49 , 48 , 40 , 49 , 48 , 49 , 49 , 46 , 49 , 49 , 49 , 49 , 49 , 
Cost: 382621
time: 32.128763
nImprovAfterGreedy: 31
nImprovAfterRandom: 31
nMigrate: 173485
nSwap: 141072
n: 200
m: 50
Seed: 42051
