Items: 3 , 1 , 10 , 6 , 11 , 9 , 4 , 4 , 8 , 5 , 0 , 2 , 11 , 10 , 1 , 10 , 10 , 8 , 4 , 9 , 4 , 5 , 4 , 10 , 7 , 6 , 3 , 5 , 3 , 0 , 3 , 10 , 10 , 6 , 7 , 6 , 7 , 0 , 3 , 11 , 12 , 8 , 8 , 9 , 8 , 9 , 0 , 5 , 9 , 8 , 4 , 5 , 3 , 11 , 0 , 6 , 6 , 9 , 7 , 1 , 3 , 6 , 3 , 7 , 10 , 6 , 8 , 5 , 8 , 12 , 2 , 9 , 5 , 6 , 3 , 11 , 4 , 1 , 7 , 0 , 1 , 1 , 6 , 0 , 11 , 11 , 0 , 1 , 5 , 0 , 8 , 8 , 9 , 7 , 2 , 5 , 1 , 2 , 0 , 2 , 
Bins: 19 , 19 , 15 , 19 , 19 , 19 , 19 , 19 , 19 , 19 , 19 , 19 , 0 , 
Cost: 88164
time: 8.205433
nImprovAfterGreedy: 24
nImprovAfterRandom: 24
nMigrate: 212222
nSwap: 153115
n: 100
m: 20
Seed: 91876
