Items: 10 , 7 , 6 , 3 , 12 , 1 , 8 , 14 , 9 , 15 , 6 , 5 , 11 , 8 , 9 , 4 , 13 , 9 , 0 , 16 , 0 , 7 , 0 , 7 , 15 , 3 , 16 , 7 , 7 , 9 , 2 , 15 , 15 , 7 , 12 , 3 , 12 , 6 , 10 , 10 , 16 , 4 , 13 , 17 , 4 , 16 , 9 , 1 , 8 , 13 , 11 , 13 , 2 , 1 , 15 , 3 , 17 , 1 , 13 , 14 , 8 , 3 , 2 , 12 , 8 , 11 , 5 , 4 , 10 , 11 , 11 , 1 , 4 , 3 , 2 , 10 , 14 , 9 , 12 , 9 , 4 , 14 , 3 , 6 , 17 , 7 , 15 , 0 , 13 , 14 , 6 , 6 , 8 , 5 , 5 , 7 , 14 , 5 , 9 , 2 , 
Bins: 8 , 8 , 8 , 8 , 8 , 8 , 8 , 9 , 9 , 9 , 6 , 8 , 8 , 8 , 8 , 8 , 3 , 3 , 
Cost: 140207
time: 10.305561
nImprovAfterGreedy: 27
nImprovAfterRandom: 27
nMigrate: 237320
nSwap: 158190
n: 100
m: 10
Seed: 6978
