Items: 9 , 5 , 5 , 34 , 36 , 3 , 24 , 5 , 24 , 8 , 5 , 13 , 16 , 10 , 6 , 14 , 8 , 6 , 11 , 2 , 15 , 6 , 16 , 2 , 34 , 13 , 9 , 18 , 10 , 17 , 20 , 8 , 1 , 28 , 4 , 12 , 36 , 15 , 20 , 35 , 26 , 19 , 24 , 21 , 19 , 25 , 1 , 6 , 35 , 12 , 29 , 32 , 6 , 13 , 8 , 17 , 17 , 3 , 34 , 34 , 20 , 17 , 32 , 18 , 10 , 36 , 33 , 30 , 16 , 29 , 36 , 25 , 18 , 31 , 32 , 22 , 29 , 31 , 36 , 7 , 30 , 0 , 10 , 5 , 27 , 16 , 27 , 16 , 28 , 16 , 14 , 19 , 3 , 4 , 14 , 28 , 22 , 22 , 1 , 28 , 29 , 12 , 8 , 17 , 13 , 18 , 32 , 35 , 10 , 32 , 14 , 36 , 9 , 4 , 22 , 15 , 3 , 6 , 17 , 7 , 15 , 6 , 23 , 1 , 24 , 28 , 4 , 21 , 23 , 9 , 23 , 27 , 30 , 31 , 26 , 7 , 19 , 24 , 0 , 24 , 25 , 21 , 13 , 7 , 23 , 22 , 30 , 7 , 11 , 27 , 8 , 4 , 3 , 3 , 34 , 23 , 24 , 0 , 9 , 12 , 26 , 2 , 31 , 10 , 5 , 2 , 21 , 33 , 19 , 1 , 12 , 12 , 14 , 33 , 9 , 30 , 33 , 34 , 11 , 26 , 27 , 15 , 25 , 25 , 10 , 31 , 20 , 9 , 33 , 33 , 19 , 30 , 0 , 25 , 7 , 0 , 23 , 25 , 32 , 20 , 
Bins: 4 , 15 , 12 , 15 , 4 , 15 , 18 , 16 , 15 , 18 , 17 , 1 , 15 , 15 , 4 , 15 , 15 , 15 , 4 , 15 , 15 , 4 , 15 , 15 , 18 , 15 , 11 , 15 , 15 , 15 , 15 , 4 , 15 , 12 , 15 , 3 , 15 , 
Cost: 469834
time: 40.673595
nImprovAfterGreedy: 48
nImprovAfterRandom: 48
nMigrate: 218768
nSwap: 160836
n: 200
m: 20
Seed: 90427
