Items: 17 , 13 , 5 , 7 , 17 , 2 , 5 , 3 , 0 , 9 , 0 , 16 , 3 , 4 , 6 , 1 , 15 , 0 , 4 , 4 , 8 , 9 , 13 , 9 , 10 , 7 , 15 , 9 , 9 , 0 , 1 , 15 , 15 , 16 , 10 , 7 , 6 , 8 , 5 , 11 , 15 , 12 , 6 , 14 , 12 , 2 , 0 , 14 , 2 , 12 , 3 , 8 , 1 , 11 , 14 , 7 , 5 , 2 , 8 , 13 , 5 , 7 , 1 , 10 , 5 , 3 , 13 , 8 , 12 , 3 , 4 , 2 , 14 , 7 , 1 , 17 , 11 , 6 , 10 , 0 , 17 , 17 , 7 , 0 , 11 , 6 , 17 , 6 , 14 , 6 , 12 , 12 , 2 , 10 , 16 , 9 , 13 , 16 , 0 , 16 , 
Bins: 9 , 8 , 8 , 8 , 8 , 9 , 9 , 8 , 8 , 9 , 8 , 8 , 8 , 8 , 8 , 8 , 8 , 8 , 
Cost: 101634
time: 8.698792
nImprovAfterGreedy: 24
nImprovAfterRandom: 24
nMigrate: 176482
nSwap: 118863
n: 100
m: 10
Seed: 93795
