Items: 3 , 8 , 0 , 1 , 9 , 7 , 12 , 8 , 1 , 2 , 0 , 12 , 11 , 3 , 2 , 0 , 9 , 11 , 3 , 2 , 8 , 2 , 3 , 10 , 10 , 1 , 2 , 11 , 1 , 0 , 4 , 2 , 6 , 9 , 6 , 1 , 9 , 0 , 3 , 5 , 10 , 5 , 9 , 2 , 5 , 9 , 0 , 2 , 7 , 6 , 3 , 11 , 4 , 5 , 7 , 1 , 1 , 7 , 10 , 4 , 4 , 1 , 4 , 10 , 1 , 3 , 6 , 8 , 6 , 11 , 3 , 2 , 11 , 1 , 4 , 9 , 8 , 8 , 9 , 2 , 8 , 8 , 1 , 0 , 5 , 9 , 7 , 8 , 9 , 0 , 0 , 0 , 7 , 6 , 12 , 10 , 12 , 12 , 0 , 5 , 
Bins: 49 , 49 , 49 , 49 , 36 , 36 , 27 , 14 , 49 , 49 , 36 , 36 , 36 , 
Cost: 99439
time: 7.267915
nImprovAfterGreedy: 34
nImprovAfterRandom: 34
nMigrate: 129958
nSwap: 121140
n: 100
m: 50
Seed: 3310
