Items: 26 , 0 , 0 , 24 , 26 , 25 , 25 , 9 , 13 , 0 , 20 , 3 , 4 , 18 , 16 , 18 , 27 , 10 , 18 , 16 , 28 , 14 , 10 , 27 , 20 , 14 , 16 , 26 , 14 , 13 , 15 , 0 , 27 , 14 , 11 , 11 , 24 , 27 , 25 , 19 , 1 , 1 , 7 , 16 , 1 , 29 , 6 , 10 , 25 , 17 , 9 , 7 , 4 , 19 , 11 , 13 , 7 , 14 , 20 , 2 , 7 , 7 , 29 , 20 , 18 , 24 , 12 , 9 , 17 , 23 , 23 , 16 , 11 , 24 , 4 , 26 , 19 , 21 , 26 , 16 , 26 , 22 , 24 , 20 , 19 , 21 , 15 , 0 , 3 , 13 , 15 , 5 , 12 , 11 , 3 , 14 , 22 , 6 , 20 , 29 , 2 , 22 , 0 , 7 , 27 , 4 , 4 , 19 , 12 , 3 , 15 , 23 , 24 , 9 , 12 , 15 , 9 , 28 , 10 , 8 , 6 , 28 , 30 , 1 , 29 , 2 , 11 , 22 , 30 , 9 , 30 , 21 , 6 , 28 , 1 , 6 , 4 , 12 , 8 , 29 , 12 , 22 , 14 , 7 , 30 , 24 , 10 , 13 , 18 , 0 , 0 , 11 , 3 , 17 , 29 , 30 , 14 , 17 , 13 , 28 , 23 , 21 , 17 , 14 , 9 , 5 , 8 , 2 , 5 , 21 , 12 , 17 , 15 , 23 , 26 , 5 , 13 , 6 , 18 , 18 , 21 , 28 , 8 , 8 , 8 , 28 , 25 , 14 , 13 , 2 , 10 , 5 , 13 , 16 , 13 , 23 , 30 , 25 , 17 , 17 , 
Bins: 9 , 8 , 8 , 9 , 8 , 8 , 8 , 8 , 9 , 8 , 9 , 9 , 9 , 9 , 9 , 8 , 9 , 8 , 9 , 9 , 9 , 9 , 8 , 8 , 9 , 9 , 9 , 8 , 9 , 8 , 8 , 
Cost: 373808
time: 31.012347
nImprovAfterGreedy: 39
nImprovAfterRandom: 39
nMigrate: 198666
nSwap: 117541
n: 200
m: 10
Seed: 93381
