Items: 4 , 15 , 15 , 11 , 4 , 12 , 6 , 13 , 3 , 3 , 3 , 5 , 10 , 1 , 8 , 1 , 14 , 10 , 1 , 12 , 8 , 6 , 13 , 0 , 0 , 6 , 12 , 16 , 6 , 3 , 6 , 7 , 7 , 9 , 4 , 7 , 9 , 3 , 6 , 14 , 14 , 9 , 4 , 12 , 9 , 13 , 3 , 12 , 1 , 7 , 1 , 16 , 7 , 14 , 2 , 3 , 6 , 12 , 0 , 2 , 6 , 11 , 6 , 16 , 11 , 3 , 5 , 15 , 5 , 10 , 5 , 12 , 16 , 11 , 4 , 4 , 10 , 8 , 4 , 3 , 8 , 15 , 11 , 15 , 11 , 5 , 2 , 8 , 9 , 3 , 13 , 15 , 13 , 7 , 1 , 9 , 2 , 5 , 3 , 9 , 
Bins: 0 , 17 , 2 , 19 , 17 , 14 , 19 , 14 , 4 , 14 , 1 , 7 , 18 , 1 , 7 , 7 , 1 , 
Cost: 114188
time: 9.006657
nImprovAfterGreedy: 23
nImprovAfterRandom: 23
nMigrate: 150275
nSwap: 147941
n: 100
m: 20
Seed: 74362
