Items: 14 , 12 , 10 , 5 , 16 , 3 , 5 , 12 , 5 , 2 , 4 , 1 , 15 , 14 , 1 , 10 , 2 , 0 , 12 , 0 , 3 , 6 , 12 , 7 , 4 , 13 , 9 , 14 , 7 , 10 , 6 , 2 , 2 , 11 , 0 , 13 , 11 , 15 , 10 , 8 , 7 , 3 , 5 , 13 , 3 , 11 , 2 , 12 , 3 , 6 , 12 , 15 , 16 , 8 , 15 , 13 , 13 , 0 , 4 , 9 , 9 , 13 , 6 , 7 , 8 , 15 , 14 , 11 , 6 , 0 , 14 , 0 , 14 , 8 , 16 , 16 , 9 , 1 , 16 , 10 , 1 , 6 , 5 , 4 , 8 , 1 , 2 , 1 , 11 , 15 , 10 , 10 , 3 , 0 , 10 , 11 , 5 , 4 , 4 , 11 , 
Bins: 48 , 44 , 38 , 39 , 28 , 37 , 38 , 18 , 44 , 13 , 44 , 48 , 48 , 38 , 44 , 38 , 38 , 
Cost: 113405
time: 7.742614
nImprovAfterGreedy: 36
nImprovAfterRandom: 36
nMigrate: 104738
nSwap: 96106
n: 100
m: 50
Seed: 26389
