Items: 20 , 18 , 18 , 2 , 20 , 14 , 6 , 4 , 4 , 9 , 17 , 6 , 19 , 21 , 9 , 21 , 9 , 1 , 21 , 5 , 8 , 3 , 22 , 10 , 15 , 21 , 7 , 13 , 10 , 18 , 20 , 18 , 7 , 13 , 0 , 2 , 24 , 8 , 14 , 15 , 11 , 12 , 3 , 7 , 16 , 4 , 18 , 7 , 14 , 3 , 19 , 8 , 17 , 21 , 0 , 5 , 13 , 5 , 15 , 13 , 13 , 13 , 14 , 11 , 21 , 17 , 6 , 23 , 3 , 19 , 24 , 9 , 13 , 15 , 8 , 22 , 4 , 23 , 3 , 18 , 23 , 5 , 2 , 17 , 15 , 6 , 20 , 9 , 10 , 5 , 10 , 1 , 14 , 0 , 20 , 10 , 2 , 9 , 18 , 16 , 6 , 22 , 18 , 13 , 9 , 17 , 8 , 8 , 14 , 13 , 5 , 19 , 17 , 0 , 14 , 16 , 3 , 12 , 1 , 2 , 10 , 12 , 15 , 18 , 4 , 16 , 0 , 6 , 15 , 0 , 0 , 2 , 0 , 12 , 11 , 17 , 1 , 4 , 24 , 16 , 4 , 7 , 3 , 2 , 23 , 22 , 0 , 5 , 21 , 18 , 9 , 0 , 24 , 2 , 15 , 24 , 10 , 9 , 5 , 12 , 11 , 7 , 10 , 10 , 3 , 17 , 2 , 14 , 1 , 1 , 22 , 22 , 10 , 6 , 20 , 23 , 5 , 8 , 21 , 19 , 20 , 3 , 4 , 4 , 10 , 12 , 20 , 4 , 5 , 12 , 1 , 23 , 5 , 7 , 3 , 19 , 1 , 4 , 8 , 2 , 
Bins: 19 , 19 , 19 , 19 , 19 , 19 , 19 , 19 , 19 , 19 , 19 , 2 , 11 , 19 , 19 , 19 , 8 , 19 , 19 , 11 , 19 , 19 , 11 , 11 , 11 , 
Cost: 389672
time: 34.379710
nImprovAfterGreedy: 53
nImprovAfterRandom: 53
nMigrate: 248339
nSwap: 168191
n: 200
m: 20
Seed: 77100
