Items: 0 , 22 , 2 , 3 , 30 , 5 , 19 , 26 , 3 , 7 , 2 , 16 , 1 , 18 , 4 , 28 , 4 , 15 , 18 , 13 , 19 , 22 , 18 , 13 , 29 , 16 , 23 , 1 , 0 , 2 , 15 , 7 , 7 , 16 , 10 , 10 , 4 , 2 , 12 , 8 , 27 , 14 , 21 , 23 , 14 , 6 , 7 , 24 , 5 , 6 , 20 , 21 , 30 , 22 , 7 , 7 , 21 , 6 , 3 , 20 , 21 , 21 , 17 , 19 , 3 , 8 , 9 , 26 , 15 , 11 , 11 , 25 , 28 , 3 , 17 , 6 , 26 , 25 , 4 , 2 , 28 , 15 , 3 , 18 , 8 , 30 , 20 , 25 , 0 , 2 , 0 , 12 , 5 , 10 , 28 , 0 , 28 , 29 , 2 , 13 , 9 , 17 , 7 , 21 , 16 , 17 , 17 , 8 , 3 , 4 , 15 , 11 , 8 , 10 , 5 , 20 , 26 , 9 , 24 , 25 , 29 , 22 , 19 , 27 , 12 , 9 , 10 , 23 , 19 , 10 , 12 , 25 , 10 , 1 , 27 , 29 , 17 , 28 , 14 , 13 , 6 , 23 , 2 , 21 , 14 , 1 , 5 , 16 , 18 , 25 , 4 , 10 , 26 , 26 , 13 , 24 , 0 , 25 , 0 , 22 , 11 , 30 , 3 , 0 , 13 , 27 , 3 , 9 , 12 , 30 , 6 , 6 , 20 , 11 , 0 , 12 , 15 , 29 , 18 , 16 , 30 , 22 , 14 , 14 , 14 , 29 , 12 , 0 , 15 , 9 , 24 , 1 , 7 , 23 , 22 , 11 , 24 , 23 , 17 , 16 , 
Bins: 9 , 8 , 9 , 9 , 9 , 6 , 8 , 8 , 7 , 8 , 9 , 8 , 8 , 8 , 8 , 9 , 8 , 8 , 9 , 9 , 8 , 8 , 9 , 8 , 9 , 9 , 8 , 8 , 9 , 8 , 9 , 
Cost: 390306
time: 32.624592
nImprovAfterGreedy: 43
nImprovAfterRandom: 43
nMigrate: 210618
nSwap: 131481
n: 200
m: 10
Seed: 64834
