Items: 12 , 6 , 8 , 5 , 0 , 11 , 5 , 5 , 5 , 6 , 4 , 13 , 11 , 17 , 0 , 8 , 2 , 4 , 17 , 13 , 15 , 6 , 17 , 6 , 4 , 10 , 12 , 6 , 6 , 4 , 7 , 2 , 2 , 6 , 14 , 10 , 0 , 15 , 7 , 14 , 2 , 3 , 5 , 12 , 3 , 16 , 2 , 12 , 11 , 3 , 1 , 15 , 7 , 16 , 15 , 10 , 10 , 13 , 4 , 13 , 7 , 10 , 7 , 14 , 16 , 5 , 9 , 9 , 3 , 1 , 1 , 12 , 8 , 10 , 1 , 8 , 16 , 0 , 0 , 4 , 8 , 9 , 5 , 9 , 16 , 5 , 2 , 11 , 3 , 4 , 3 , 3 , 11 , 14 , 1 , 6 , 13 , 11 , 4 , 17 , 
Bins: 11 , 11 , 7 , 11 , 19 , 18 , 18 , 11 , 11 , 3 , 11 , 7 , 11 , 11 , 11 , 6 , 11 , 11 , 
Cost: 113393
time: 9.219386
nImprovAfterGreedy: 38
nImprovAfterRandom: 38
nMigrate: 156288
nSwap: 126726
n: 100
m: 20
Seed: 79117
