Items: 6 , 9 , 9 , 7 , 2 , 15 , 15 , 9 , 7 , 7 , 11 , 12 , 8 , 6 , 2 , 6 , 10 , 0 , 6 , 0 , 1 , 5 , 6 , 5 , 11 , 5 , 0 , 5 , 5 , 1 , 4 , 10 , 10 , 5 , 13 , 7 , 2 , 1 , 15 , 14 , 8 , 13 , 2 , 0 , 13 , 9 , 10 , 0 , 15 , 9 , 3 , 1 , 4 , 14 , 1 , 7 , 7 , 15 , 11 , 3 , 4 , 7 , 4 , 11 , 10 , 14 , 13 , 9 , 13 , 8 , 12 , 0 , 6 , 7 , 4 , 14 , 8 , 2 , 2 , 1 , 3 , 3 , 7 , 11 , 14 , 8 , 10 , 2 , 5 , 1 , 10 , 9 , 15 , 13 , 12 , 5 , 3 , 12 , 11 , 12 , 
Bins: 9 , 8 , 9 , 8 , 8 , 9 , 9 , 9 , 8 , 8 , 8 , 9 , 8 , 8 , 9 , 9 , 
Cost: 92001
time: 7.334741
nImprovAfterGreedy: 20
nImprovAfterRandom: 20
nMigrate: 181091
nSwap: 95465
n: 100
m: 10
Seed: 15244
