Items: 9 , 5 , 5 , 0 , 4 , 21 , 11 , 5 , 8 , 6 , 2 , 7 , 13 , 16 , 4 , 16 , 4 , 24 , 16 , 19 , 23 , 14 , 0 , 24 , 1 , 14 , 11 , 20 , 14 , 2 , 10 , 9 , 16 , 14 , 17 , 8 , 4 , 23 , 5 , 3 , 6 , 13 , 8 , 4 , 3 , 19 , 9 , 13 , 21 , 14 , 22 , 20 , 24 , 3 , 2 , 8 , 7 , 14 , 3 , 24 , 7 , 0 , 10 , 6 , 9 , 22 , 15 , 12 , 22 , 18 , 18 , 4 , 20 , 0 , 10 , 0 , 18 , 5 , 4 , 2 , 12 , 15 , 0 , 2 , 3 , 4 , 2 , 5 , 14 , 2 , 2 , 5 , 21 , 17 , 7 , 14 , 11 , 1 , 2 , 19 , 21 , 18 , 9 , 7 , 16 , 20 , 20 , 10 , 9 , 7 , 15 , 22 , 0 , 20 , 0 , 12 , 1 , 22 , 13 , 23 , 1 , 15 , 17 , 9 , 19 , 24 , 20 , 11 , 17 , 20 , 9 , 3 , 20 , 15 , 6 , 1 , 13 , 19 , 23 , 19 , 10 , 11 , 14 , 8 , 18 , 0 , 20 , 8 , 16 , 5 , 9 , 8 , 7 , 8 , 19 , 17 , 19 , 5 , 8 , 15 , 6 , 18 , 19 , 14 , 5 , 24 , 23 , 6 , 13 , 24 , 14 , 22 , 2 , 8 , 6 , 12 , 15 , 1 , 16 , 7 , 4 , 22 , 23 , 23 , 23 , 5 , 9 , 19 , 15 , 15 , 13 , 12 , 11 , 11 , 8 , 18 , 17 , 11 , 10 , 10 , 
Bins: 49 , 37 , 49 , 49 , 49 , 49 , 46 , 49 , 49 , 49 , 46 , 49 , 37 , 48 , 49 , 48 , 49 , 46 , 48 , 49 , 49 , 22 , 49 , 49 , 49 , 
Cost: 382628
time: 28.794607
nImprovAfterGreedy: 49
nImprovAfterRandom: 49
nMigrate: 149276
nSwap: 117231
n: 200
m: 50
Seed: 89045
