Items: 9 , 4 , 2 , 1 , 0 , 6 , 6 , 4 , 1 , 5 , 2 , 10 , 8 , 9 , 0 , 9 , 5 , 8 , 9 , 9 , 4 , 3 , 4 , 5 , 11 , 1 , 9 , 1 , 1 , 2 , 3 , 5 , 5 , 4 , 7 , 1 , 0 , 2 , 3 , 11 , 9 , 6 , 4 , 0 , 7 , 4 , 10 , 3 , 6 , 7 , 8 , 12 , 3 , 11 , 12 , 1 , 5 , 6 , 11 , 12 , 3 , 1 , 3 , 11 , 5 , 8 , 6 , 4 , 7 , 8 , 10 , 0 , 9 , 1 , 3 , 10 , 10 , 0 , 0 , 2 , 4 , 2 , 1 , 2 , 11 , 0 , 2 , 4 , 5 , 2 , 7 , 7 , 6 , 7 , 10 , 1 , 12 , 10 , 2 , 0 , 
Bins: 49 , 49 , 49 , 49 , 49 , 49 , 46 , 46 , 34 , 49 , 48 , 49 , 12 , 
Cost: 96781
time: 7.683058
nImprovAfterGreedy: 34
nImprovAfterRandom: 34
nMigrate: 142925
nSwap: 135097
n: 100
m: 50
Seed: 91837
