Items: 5 , 4 , 14 , 2 , 5 , 8 , 10 , 2 , 0 , 4 , 0 , 7 , 8 , 14 , 3 , 14 , 12 , 0 , 14 , 1 , 8 , 4 , 8 , 12 , 0 , 14 , 4 , 1 , 11 , 0 , 15 , 4 , 12 , 6 , 9 , 9 , 6 , 11 , 15 , 5 , 12 , 13 , 6 , 5 , 13 , 6 , 7 , 4 , 8 , 13 , 15 , 11 , 10 , 4 , 11 , 9 , 1 , 6 , 0 , 2 , 15 , 1 , 15 , 5 , 1 , 2 , 10 , 10 , 13 , 9 , 2 , 4 , 14 , 1 , 15 , 7 , 9 , 3 , 5 , 0 , 3 , 3 , 2 , 3 , 11 , 10 , 12 , 3 , 6 , 11 , 13 , 13 , 8 , 9 , 7 , 6 , 2 , 7 , 0 , 6 , 
Bins: 49 , 44 , 40 , 44 , 48 , 44 , 48 , 38 , 46 , 48 , 48 , 48 , 40 , 38 , 48 , 48 , 
Cost: 99091
time: 7.395455
nImprovAfterGreedy: 46
nImprovAfterRandom: 46
nMigrate: 89428
nSwap: 87108
n: 100
m: 50
Seed: 67367
