Items: 6 , 13 , 12 , 5 , 10 , 11 , 1 , 12 , 5 , 11 , 3 , 0 , 9 , 8 , 2 , 6 , 10 , 9 , 8 , 1 , 12 , 6 , 0 , 10 , 3 , 5 , 13 , 6 , 5 , 2 , 4 , 13 , 13 , 6 , 15 , 5 , 10 , 12 , 11 , 15 , 13 , 7 , 10 , 11 , 7 , 12 , 10 , 11 , 11 , 2 , 1 , 12 , 4 , 13 , 14 , 5 , 5 , 11 , 3 , 14 , 4 , 5 , 4 , 3 , 5 , 15 , 7 , 12 , 7 , 9 , 8 , 11 , 6 , 5 , 4 , 10 , 9 , 2 , 10 , 2 , 6 , 2 , 5 , 3 , 15 , 0 , 14 , 0 , 10 , 0 , 10 , 7 , 11 , 7 , 1 , 6 , 14 , 0 , 3 , 1 , 
Bins: 14 , 13 , 7 , 17 , 14 , 19 , 17 , 14 , 0 , 1 , 19 , 19 , 14 , 14 , 2 , 4 , 
Cost: 113897
time: 8.217499
nImprovAfterGreedy: 27
nImprovAfterRandom: 27
nMigrate: 170468
nSwap: 133607
n: 100
m: 20
Seed: 63354
