Items: 3 , 1 , 2 , 0 , 7 , 9 , 6 , 1 , 4 , 8 , 2 , 11 , 12 , 3 , 7 , 3 , 8 , 4 , 3 , 3 , 1 , 1 , 1 , 8 , 10 , 5 , 3 , 5 , 5 , 2 , 6 , 8 , 8 , 5 , 10 , 0 , 7 , 2 , 6 , 10 , 3 , 4 , 4 , 7 , 4 , 12 , 2 , 1 , 9 , 4 , 0 , 10 , 6 , 12 , 9 , 5 , 5 , 9 , 10 , 0 , 6 , 5 , 6 , 10 , 2 , 0 , 4 , 1 , 4 , 11 , 11 , 7 , 3 , 5 , 6 , 2 , 11 , 7 , 7 , 2 , 1 , 6 , 0 , 2 , 10 , 7 , 8 , 1 , 8 , 2 , 4 , 4 , 9 , 9 , 11 , 5 , 0 , 11 , 2 , 7 , 
Bins: 46 , 49 , 49 , 49 , 49 , 46 , 49 , 49 , 46 , 40 , 49 , 48 , 3 , 
Cost: 96630
time: 7.407079
nImprovAfterGreedy: 30
nImprovAfterRandom: 30
nMigrate: 119137
nSwap: 127642
n: 100
m: 50
Seed: 12745
