Items: 12 , 11 , 2 , 5 , 4 , 1 , 7 , 11 , 5 , 8 , 2 , 10 , 1 , 12 , 4 , 12 , 8 , 6 , 12 , 1 , 11 , 0 , 11 , 8 , 3 , 5 , 12 , 12 , 5 , 2 , 0 , 8 , 8 , 11 , 3 , 5 , 4 , 2 , 0 , 9 , 3 , 6 , 11 , 4 , 6 , 1 , 2 , 0 , 1 , 6 , 10 , 9 , 0 , 9 , 2 , 5 , 5 , 1 , 3 , 7 , 0 , 5 , 0 , 3 , 5 , 9 , 7 , 11 , 6 , 10 , 12 , 4 , 12 , 5 , 0 , 11 , 10 , 4 , 4 , 2 , 11 , 7 , 5 , 2 , 9 , 4 , 8 , 11 , 8 , 2 , 2 , 6 , 1 , 6 , 10 , 3 , 7 , 10 , 2 , 4 , 
Bins: 49 , 36 , 49 , 36 , 49 , 49 , 36 , 25 , 36 , 25 , 45 , 49 , 49 , 
Cost: 99530
time: 7.662020
nImprovAfterGreedy: 29
nImprovAfterRandom: 29
nMigrate: 144438
nSwap: 134076
n: 100
m: 50
Seed: 66727
