Items: 8 , 20 , 17 , 1 , 30 , 13 , 17 , 2 , 1 , 3 , 7 , 9 , 32 , 7 , 5 , 31 , 10 , 1 , 33 , 11 , 11 , 20 , 24 , 29 , 26 , 31 , 6 , 24 , 0 , 14 , 12 , 10 , 10 , 20 , 20 , 28 , 30 , 31 , 8 , 34 , 4 , 4 , 20 , 21 , 4 , 13 , 26 , 25 , 7 , 15 , 2 , 19 , 24 , 13 , 25 , 27 , 0 , 13 , 6 , 23 , 17 , 0 , 19 , 16 , 7 , 1 , 18 , 27 , 15 , 29 , 23 , 13 , 25 , 1 , 19 , 30 , 34 , 5 , 30 , 21 , 27 , 23 , 1 , 7 , 34 , 1 , 12 , 5 , 3 , 23 , 12 , 22 , 32 , 9 , 17 , 3 , 28 , 26 , 14 , 11 , 16 , 23 , 10 , 0 , 10 , 24 , 19 , 34 , 8 , 19 , 21 , 6 , 1 , 2 , 28 , 9 , 2 , 17 , 31 , 2 , 26 , 20 , 16 , 4 , 32 , 29 , 17 , 9 , 16 , 6 , 25 , 14 , 25 , 32 , 4 , 26 , 22 , 28 , 15 , 11 , 13 , 18 , 15 , 28 , 27 , 30 , 25 , 23 , 33 , 14 , 5 , 20 , 6 , 6 , 11 , 31 , 8 , 3 , 8 , 21 , 16 , 18 , 3 , 3 , 21 , 29 , 2 , 29 , 22 , 18 , 5 , 3 , 12 , 9 , 8 , 22 , 27 , 26 , 33 , 16 , 14 , 15 , 27 , 8 , 7 , 20 , 22 , 8 , 27 , 32 , 22 , 24 , 10 , 5 , 20 , 7 , 31 , 0 , 19 , 12 , 
Bins: 6 , 9 , 6 , 6 , 6 , 9 , 6 , 9 , 9 , 6 , 6 , 6 , 6 , 6 , 6 , 6 , 6 , 9 , 6 , 6 , 9 , 3 , 6 , 6 , 6 , 6 , 6 , 6 , 6 , 6 , 6 , 6 , 6 , 1 , 6 , 
Cost: 417866
time: 39.526990
nImprovAfterGreedy: 48
nImprovAfterRandom: 48
nMigrate: 248415
nSwap: 155516
n: 200
m: 10
Seed: 54477
