Items: 9 , 5 , 6 , 0 , 4 , 7 , 8 , 0 , 0 , 1 , 6 , 11 , 2 , 7 , 4 , 9 , 8 , 2 , 14 , 1 , 5 , 1 , 5 , 8 , 3 , 1 , 9 , 9 , 1 , 6 , 12 , 4 , 13 , 1 , 0 , 0 , 4 , 6 , 12 , 3 , 13 , 2 , 4 , 9 , 2 , 0 , 6 , 5 , 7 , 13 , 14 , 10 , 12 , 3 , 10 , 0 , 1 , 1 , 3 , 10 , 12 , 1 , 12 , 14 , 8 , 12 , 7 , 9 , 12 , 2 , 11 , 4 , 9 , 1 , 12 , 6 , 2 , 4 , 4 , 6 , 9 , 6 , 0 , 6 , 3 , 4 , 13 , 4 , 9 , 6 , 0 , 0 , 7 , 0 , 11 , 1 , 10 , 11 , 6 , 11 , 
Bins: 19 , 19 , 14 , 17 , 19 , 1 , 19 , 7 , 4 , 19 , 2 , 14 , 19 , 2 , 1 , 
Cost: 113778
time: 9.246140
nImprovAfterGreedy: 25
nImprovAfterRandom: 25
nMigrate: 172957
nSwap: 175678
n: 100
m: 20
Seed: 19103
