Items: 7 , 4 , 12 , 0 , 8 , 1 , 13 , 0 , 2 , 6 , 12 , 5 , 1 , 7 , 11 , 7 , 16 , 4 , 15 , 10 , 6 , 2 , 4 , 16 , 4 , 2 , 4 , 7 , 2 , 3 , 3 , 4 , 16 , 10 , 15 , 2 , 8 , 3 , 3 , 14 , 16 , 9 , 8 , 6 , 9 , 10 , 3 , 4 , 1 , 9 , 2 , 7 , 9 , 14 , 6 , 2 , 5 , 10 , 12 , 0 , 5 , 10 , 9 , 15 , 13 , 0 , 5 , 11 , 9 , 2 , 0 , 10 , 7 , 11 , 8 , 14 , 13 , 11 , 8 , 6 , 11 , 11 , 0 , 12 , 14 , 8 , 3 , 1 , 10 , 3 , 12 , 12 , 1 , 6 , 13 , 10 , 0 , 1 , 3 , 15 , 
Bins: 19 , 19 , 48 , 48 , 48 , 10 , 26 , 44 , 24 , 27 , 48 , 44 , 24 , 27 , 27 , 24 , 11 , 
Cost: 112998
time: 7.865302
nImprovAfterGreedy: 44
nImprovAfterRandom: 44
nMigrate: 96606
nSwap: 99387
n: 100
m: 50
Seed: 80468
