Items: 5 , 2 , 2 , 1 , 3 , 10 , 12 , 11 , 1 , 0 , 9 , 10 , 6 , 1 , 4 , 17 , 0 , 1 , 17 , 17 , 2 , 6 , 9 , 13 , 9 , 17 , 0 , 6 , 13 , 3 , 14 , 0 , 0 , 10 , 5 , 7 , 4 , 2 , 15 , 8 , 7 , 16 , 4 , 15 , 16 , 11 , 9 , 15 , 1 , 16 , 7 , 6 , 15 , 8 , 3 , 11 , 6 , 8 , 9 , 3 , 12 , 17 , 16 , 5 , 12 , 1 , 5 , 11 , 16 , 7 , 9 , 0 , 6 , 1 , 14 , 14 , 11 , 4 , 4 , 3 , 11 , 16 , 1 , 12 , 8 , 13 , 3 , 14 , 13 , 3 , 12 , 2 , 12 , 5 , 12 , 13 , 7 , 10 , 14 , 10 , 
Bins: 8 , 9 , 8 , 8 , 8 , 8 , 8 , 8 , 8 , 8 , 8 , 8 , 9 , 8 , 8 , 3 , 8 , 8 , 
Cost: 139853
time: 9.812871
nImprovAfterGreedy: 29
nImprovAfterRandom: 29
nMigrate: 220037
nSwap: 145909
n: 100
m: 10
Seed: 97676
