Items: 27 , 5 , 16 , 24 , 14 , 12 , 23 , 4 , 10 , 0 , 11 , 3 , 22 , 13 , 13 , 13 , 8 , 19 , 13 , 20 , 23 , 0 , 27 , 30 , 17 , 0 , 9 , 26 , 0 , 10 , 21 , 16 , 14 , 0 , 2 , 2 , 10 , 7 , 12 , 27 , 16 , 19 , 10 , 14 , 18 , 4 , 8 , 26 , 12 , 9 , 28 , 7 , 26 , 5 , 2 , 6 , 6 , 0 , 11 , 30 , 6 , 6 , 8 , 23 , 24 , 22 , 3 , 1 , 3 , 22 , 17 , 9 , 26 , 24 , 7 , 25 , 4 , 5 , 14 , 10 , 1 , 20 , 25 , 11 , 24 , 3 , 21 , 5 , 10 , 20 , 20 , 18 , 27 , 2 , 12 , 0 , 25 , 17 , 21 , 29 , 11 , 17 , 16 , 6 , 9 , 26 , 7 , 27 , 24 , 12 , 20 , 15 , 25 , 14 , 25 , 28 , 28 , 15 , 19 , 2 , 28 , 15 , 23 , 16 , 4 , 30 , 2 , 22 , 23 , 19 , 24 , 18 , 26 , 15 , 16 , 17 , 18 , 4 , 11 , 29 , 9 , 14 , 0 , 6 , 8 , 1 , 26 , 20 , 13 , 5 , 8 , 2 , 12 , 27 , 8 , 10 , 4 , 5 , 20 , 10 , 7 , 3 , 4 , 0 , 19 , 30 , 24 , 15 , 18 , 30 , 9 , 21 , 21 , 3 , 25 , 24 , 20 , 17 , 13 , 6 , 18 , 28 , 1 , 4 , 23 , 5 , 29 , 4 , 20 , 15 , 19 , 1 , 22 , 9 , 8 , 22 , 19 , 6 , 7 , 12 , 
Bins: 9 , 6 , 9 , 9 , 9 , 9 , 6 , 6 , 6 , 6 , 9 , 6 , 9 , 9 , 6 , 6 , 6 , 6 , 6 , 9 , 9 , 6 , 6 , 9 , 6 , 9 , 9 , 9 , 6 , 1 , 6 , 
Cost: 393945
time: 32.984984
nImprovAfterGreedy: 51
nImprovAfterRandom: 51
nMigrate: 226671
nSwap: 130568
n: 200
m: 10
Seed: 39972
