Items: 17 , 10 , 2 , 7 , 17 , 5 , 16 , 12 , 0 , 6 , 2 , 24 , 0 , 9 , 6 , 9 , 11 , 1 , 9 , 11 , 2 , 8 , 10 , 11 , 5 , 8 , 6 , 13 , 8 , 2 , 17 , 6 , 9 , 5 , 18 , 14 , 5 , 2 , 12 , 3 , 3 , 1 , 12 , 6 , 16 , 0 , 11 , 6 , 5 , 8 , 12 , 0 , 10 , 19 , 2 , 7 , 21 , 5 , 20 , 11 , 21 , 13 , 7 , 3 , 16 , 7 , 24 , 10 , 18 , 23 , 23 , 6 , 21 , 7 , 19 , 13 , 23 , 15 , 13 , 2 , 13 , 8 , 7 , 22 , 20 , 19 , 17 , 15 , 6 , 2 , 0 , 10 , 0 , 18 , 17 , 5 , 14 , 22 , 2 , 20 , 19 , 14 , 2 , 21 , 9 , 22 , 19 , 21 , 0 , 21 , 1 , 23 , 7 , 12 , 7 , 24 , 12 , 4 , 1 , 14 , 22 , 4 , 18 , 3 , 0 , 20 , 12 , 24 , 18 , 1 , 19 , 15 , 19 , 4 , 3 , 22 , 1 , 0 , 16 , 21 , 0 , 4 , 8 , 14 , 16 , 13 , 21 , 14 , 9 , 15 , 11 , 1 , 5 , 15 , 11 , 18 , 0 , 11 , 12 , 5 , 3 , 15 , 11 , 8 , 12 , 20 , 14 , 4 , 1 , 15 , 8 , 8 , 17 , 24 , 7 , 10 , 1 , 14 , 9 , 23 , 15 , 4 , 16 , 16 , 16 , 12 , 17 , 11 , 1 , 4 , 1 , 13 , 3 , 6 , 12 , 23 , 18 , 16 , 19 , 17 , 
Bins: 19 , 19 , 19 , 19 , 19 , 19 , 19 , 19 , 19 , 19 , 15 , 19 , 19 , 19 , 19 , 19 , 19 , 19 , 19 , 19 , 15 , 19 , 2 , 15 , 17 , 
Cost: 383510
time: 33.162631
nImprovAfterGreedy: 43
nImprovAfterRandom: 43
nMigrate: 235229
nSwap: 155056
n: 200
m: 20
Seed: 68589
