Items: 11 , 0 , 1 , 6 , 2 , 4 , 5 , 6 , 6 , 15 , 10 , 3 , 13 , 8 , 7 , 11 , 2 , 13 , 8 , 6 , 1 , 9 , 12 , 9 , 10 , 7 , 11 , 9 , 9 , 7 , 12 , 15 , 15 , 7 , 14 , 15 , 2 , 1 , 12 , 16 , 5 , 2 , 7 , 7 , 2 , 6 , 2 , 15 , 4 , 14 , 3 , 1 , 12 , 5 , 7 , 15 , 15 , 4 , 10 , 0 , 12 , 6 , 6 , 10 , 5 , 6 , 8 , 1 , 14 , 13 , 3 , 7 , 11 , 6 , 12 , 16 , 13 , 4 , 2 , 7 , 11 , 0 , 6 , 10 , 16 , 12 , 8 , 12 , 7 , 7 , 12 , 1 , 4 , 14 , 3 , 9 , 0 , 3 , 10 , 9 , 
Bins: 1 , 14 , 14 , 14 , 7 , 7 , 19 , 19 , 1 , 7 , 17 , 1 , 19 , 1 , 1 , 18 , 0 , 
Cost: 114273
time: 8.452050
nImprovAfterGreedy: 25
nImprovAfterRandom: 25
nMigrate: 160099
nSwap: 128125
n: 100
m: 20
Seed: 1561
