Items: 11 , 13 , 4 , 13 , 1 , 3 , 15 , 16 , 15 , 0 , 12 , 10 , 1 , 17 , 9 , 4 , 7 , 4 , 17 , 2 , 16 , 1 , 0 , 7 , 3 , 10 , 2 , 1 , 10 , 12 , 0 , 0 , 7 , 13 , 11 , 17 , 13 , 12 , 12 , 11 , 7 , 5 , 14 , 2 , 5 , 16 , 12 , 6 , 3 , 5 , 6 , 6 , 0 , 16 , 8 , 10 , 10 , 3 , 13 , 13 , 2 , 10 , 14 , 14 , 15 , 11 , 17 , 9 , 5 , 8 , 8 , 3 , 6 , 9 , 14 , 1 , 16 , 9 , 1 , 12 , 9 , 9 , 15 , 15 , 15 , 0 , 12 , 13 , 13 , 12 , 4 , 5 , 14 , 5 , 4 , 11 , 6 , 3 , 12 , 8 , 
Bins: 37 , 23 , 13 , 37 , 19 , 37 , 37 , 17 , 17 , 42 , 37 , 23 , 48 , 48 , 23 , 38 , 37 , 15 , 
Cost: 138306
time: 10.358107
nImprovAfterGreedy: 17
nImprovAfterRandom: 17
nMigrate: 142563
nSwap: 159322
n: 100
m: 50
Seed: 9707
