Items: 0 , 1 , 6 , 24 , 0 , 10 , 25 , 4 , 14 , 9 , 25 , 10 , 16 , 18 , 6 , 6 , 11 , 16 , 28 , 18 , 3 , 9 , 0 , 11 , 13 , 11 , 6 , 19 , 11 , 0 , 17 , 6 , 9 , 10 , 2 , 2 , 15 , 3 , 8 , 5 , 20 , 7 , 9 , 22 , 5 , 23 , 14 , 22 , 13 , 9 , 24 , 3 , 29 , 1 , 22 , 2 , 10 , 10 , 13 , 24 , 6 , 19 , 14 , 27 , 11 , 15 , 14 , 26 , 5 , 16 , 8 , 22 , 8 , 19 , 29 , 21 , 23 , 1 , 15 , 22 , 1 , 25 , 24 , 25 , 19 , 0 , 17 , 1 , 11 , 0 , 17 , 7 , 16 , 2 , 26 , 11 , 24 , 21 , 1 , 26 , 0 , 8 , 6 , 10 , 9 , 14 , 10 , 2 , 4 , 6 , 25 , 21 , 15 , 4 , 12 , 18 , 4 , 24 , 7 , 22 , 18 , 29 , 27 , 20 , 23 , 12 , 2 , 25 , 27 , 4 , 27 , 5 , 0 , 29 , 20 , 25 , 7 , 23 , 9 , 26 , 23 , 20 , 9 , 8 , 14 , 19 , 0 , 8 , 28 , 1 , 6 , 2 , 4 , 4 , 14 , 27 , 23 , 1 , 8 , 29 , 10 , 7 , 23 , 11 , 4 , 12 , 3 , 14 , 7 , 24 , 21 , 21 , 17 , 14 , 26 , 3 , 7 , 3 , 28 , 8 , 0 , 29 , 22 , 23 , 23 , 1 , 16 , 23 , 7 , 23 , 7 , 19 , 20 , 6 , 8 , 21 , 27 , 25 , 3 , 6 , 
Bins: 49 , 49 , 37 , 36 , 44 , 7 , 49 , 49 , 46 , 46 , 48 , 46 , 3 , 0 , 48 , 7 , 32 , 8 , 8 , 46 , 32 , 36 , 46 , 49 , 46 , 46 , 32 , 46 , 0 , 41 , 
Cost: 418026
time: 32.432886
nImprovAfterGreedy: 37
nImprovAfterRandom: 37
nMigrate: 111413
nSwap: 131387
n: 200
m: 50
Seed: 97691
