Items: 4 , 5 , 1 , 2 , 0 , 6 , 6 , 5 , 2 , 7 , 1 , 10 , 8 , 4 , 7 , 4 , 12 , 8 , 4 , 6 , 5 , 7 , 5 , 12 , 3 , 2 , 7 , 2 , 2 , 12 , 9 , 7 , 4 , 5 , 3 , 2 , 12 , 1 , 9 , 0 , 12 , 12 , 12 , 7 , 3 , 0 , 1 , 7 , 6 , 4 , 6 , 11 , 9 , 0 , 11 , 2 , 7 , 6 , 3 , 11 , 9 , 2 , 9 , 3 , 1 , 0 , 4 , 5 , 9 , 8 , 10 , 7 , 4 , 2 , 9 , 0 , 8 , 5 , 3 , 7 , 5 , 11 , 2 , 1 , 0 , 9 , 1 , 5 , 12 , 1 , 1 , 1 , 6 , 3 , 10 , 2 , 11 , 10 , 1 , 10 , 
Bins: 19 , 19 , 19 , 19 , 19 , 19 , 19 , 19 , 1 , 19 , 15 , 16 , 19 , 
Cost: 97048
time: 8.199286
nImprovAfterGreedy: 32
nImprovAfterRandom: 32
nMigrate: 206785
nSwap: 155106
n: 100
m: 20
Seed: 97985
