Items: 11 , 11 , 1 , 2 , 5 , 6 , 8 , 11 , 2 , 12 , 3 , 4 , 14 , 9 , 5 , 1 , 5 , 14 , 9 , 7 , 11 , 12 , 11 , 1 , 3 , 2 , 1 , 12 , 2 , 2 , 1 , 4 , 4 , 2 , 15 , 2 , 5 , 0 , 6 , 10 , 7 , 10 , 5 , 7 , 10 , 7 , 5 , 12 , 6 , 4 , 13 , 0 , 11 , 10 , 0 , 2 , 2 , 6 , 3 , 0 , 1 , 2 , 1 , 3 , 8 , 7 , 13 , 11 , 15 , 14 , 9 , 5 , 12 , 2 , 13 , 5 , 14 , 5 , 5 , 7 , 11 , 0 , 2 , 3 , 10 , 4 , 6 , 11 , 12 , 0 , 6 , 6 , 6 , 15 , 8 , 12 , 8 , 8 , 3 , 10 , 
Bins: 36 , 46 , 49 , 43 , 12 , 49 , 46 , 32 , 37 , 0 , 46 , 49 , 37 , 3 , 8 , 0 , 
Cost: 113509
time: 7.782656
nImprovAfterGreedy: 20
nImprovAfterRandom: 20
nMigrate: 101673
nSwap: 119955
n: 100
m: 50
Seed: 43131
