Items: 26 , 5 , 5 , 2 , 26 , 21 , 19 , 21 , 14 , 6 , 28 , 1 , 8 , 8 , 0 , 30 , 4 , 23 , 30 , 25 , 3 , 1 , 30 , 4 , 23 , 1 , 20 , 14 , 1 , 9 , 19 , 5 , 17 , 1 , 2 , 2 , 24 , 0 , 19 , 26 , 27 , 18 , 9 , 20 , 7 , 12 , 14 , 6 , 21 , 11 , 21 , 0 , 19 , 13 , 0 , 9 , 9 , 12 , 23 , 10 , 19 , 9 , 25 , 17 , 4 , 22 , 11 , 15 , 11 , 8 , 8 , 10 , 6 , 22 , 29 , 26 , 18 , 14 , 24 , 22 , 15 , 11 , 14 , 28 , 15 , 22 , 28 , 10 , 4 , 0 , 27 , 7 , 12 , 2 , 29 , 1 , 2 , 10 , 5 , 29 , 17 , 24 , 5 , 9 , 17 , 14 , 13 , 5 , 26 , 29 , 20 , 8 , 22 , 21 , 26 , 6 , 21 , 3 , 18 , 24 , 28 , 3 , 16 , 27 , 12 , 10 , 2 , 20 , 16 , 26 , 16 , 7 , 13 , 3 , 27 , 28 , 7 , 12 , 1 , 25 , 12 , 20 , 11 , 9 , 16 , 24 , 6 , 24 , 30 , 5 , 10 , 2 , 29 , 11 , 23 , 16 , 1 , 13 , 0 , 3 , 27 , 25 , 4 , 4 , 21 , 28 , 2 , 14 , 7 , 14 , 12 , 22 , 6 , 23 , 27 , 15 , 13 , 23 , 30 , 0 , 7 , 3 , 18 , 18 , 18 , 3 , 19 , 18 , 13 , 13 , 4 , 15 , 17 , 20 , 11 , 8 , 16 , 20 , 13 , 1 , 
Bins: 6 , 6 , 9 , 9 , 9 , 9 , 9 , 6 , 6 , 6 , 6 , 6 , 9 , 9 , 9 , 6 , 6 , 6 , 6 , 9 , 6 , 6 , 5 , 9 , 6 , 6 , 9 , 6 , 6 , 9 , 6 , 
Cost: 394197
time: 33.949203
nImprovAfterGreedy: 48
nImprovAfterRandom: 48
nMigrate: 237686
nSwap: 139874
n: 200
m: 10
Seed: 37203
