Items: 8 , 12 , 10 , 12 , 3 , 6 , 10 , 12 , 12 , 15 , 5 , 4 , 0 , 17 , 14 , 8 , 15 , 0 , 9 , 16 , 14 , 2 , 0 , 15 , 13 , 3 , 8 , 8 , 3 , 16 , 9 , 15 , 1 , 4 , 1 , 12 , 1 , 7 , 10 , 3 , 17 , 2 , 7 , 16 , 2 , 12 , 15 , 11 , 6 , 2 , 9 , 7 , 18 , 13 , 7 , 1 , 10 , 6 , 5 , 18 , 10 , 18 , 8 , 13 , 10 , 6 , 17 , 11 , 2 , 0 , 17 , 16 , 8 , 14 , 9 , 3 , 13 , 14 , 1 , 16 , 11 , 14 , 12 , 5 , 3 , 0 , 5 , 11 , 7 , 5 , 2 , 2 , 6 , 1 , 4 , 15 , 7 , 4 , 5 , 4 , 
Bins: 15 , 15 , 15 , 15 , 15 , 12 , 16 , 15 , 15 , 15 , 18 , 4 , 13 , 15 , 10 , 15 , 4 , 4 , 0 , 
Cost: 139793
time: 9.952598
nImprovAfterGreedy: 30
nImprovAfterRandom: 30
nMigrate: 196634
nSwap: 145865
n: 100
m: 20
Seed: 14808
