Items: 2 , 7 , 9 , 0 , 15 , 8 , 5 , 11 , 0 , 0 , 4 , 10 , 11 , 16 , 3 , 9 , 1 , 4 , 16 , 16 , 11 , 2 , 11 , 7 , 4 , 2 , 14 , 2 , 2 , 4 , 2 , 6 , 6 , 10 , 6 , 6 , 1 , 12 , 13 , 15 , 17 , 1 , 1 , 14 , 1 , 8 , 6 , 14 , 8 , 13 , 7 , 12 , 5 , 14 , 12 , 6 , 5 , 8 , 4 , 7 , 5 , 1 , 2 , 15 , 5 , 0 , 17 , 9 , 13 , 17 , 16 , 8 , 9 , 0 , 2 , 15 , 11 , 3 , 1 , 0 , 9 , 3 , 0 , 4 , 12 , 3 , 4 , 3 , 1 , 12 , 13 , 13 , 8 , 6 , 10 , 17 , 7 , 10 , 4 , 10 , 
Bins: 18 , 19 , 19 , 11 , 19 , 18 , 15 , 15 , 15 , 15 , 15 , 15 , 15 , 4 , 15 , 4 , 15 , 12 , 
Cost: 101074
time: 8.066078
nImprovAfterGreedy: 37
nImprovAfterRandom: 37
nMigrate: 124946
nSwap: 101677
n: 100
m: 20
Seed: 28852
