Items: 7 , 10 , 8 , 2 , 6 , 3 , 4 , 2 , 4 , 12 , 8 , 3 , 5 , 4 , 1 , 7 , 9 , 5 , 7 , 14 , 10 , 13 , 10 , 13 , 11 , 7 , 15 , 13 , 13 , 8 , 7 , 9 , 9 , 0 , 11 , 5 , 6 , 8 , 10 , 13 , 9 , 14 , 6 , 14 , 14 , 0 , 9 , 12 , 4 , 11 , 5 , 6 , 15 , 0 , 12 , 12 , 15 , 0 , 11 , 2 , 15 , 14 , 14 , 11 , 4 , 2 , 3 , 1 , 7 , 5 , 2 , 0 , 12 , 1 , 7 , 8 , 5 , 1 , 6 , 8 , 1 , 1 , 2 , 4 , 6 , 13 , 9 , 10 , 0 , 8 , 0 , 10 , 4 , 12 , 3 , 13 , 2 , 3 , 8 , 0 , 
Bins: 48 , 44 , 39 , 38 , 47 , 48 , 38 , 49 , 48 , 39 , 44 , 38 , 38 , 47 , 38 , 13 , 
Cost: 112999
time: 8.421604
nImprovAfterGreedy: 31
nImprovAfterRandom: 31
nMigrate: 127517
nSwap: 113491
n: 100
m: 50
Seed: 83545
