Items: 3 , 1 , 1 , 2 , 19 , 3 , 18 , 6 , 2 , 14 , 1 , 18 , 9 , 17 , 5 , 7 , 16 , 9 , 7 , 5 , 4 , 12 , 7 , 16 , 21 , 12 , 5 , 8 , 12 , 1 , 15 , 1 , 16 , 12 , 21 , 2 , 21 , 4 , 3 , 19 , 5 , 24 , 6 , 5 , 24 , 6 , 11 , 8 , 3 , 12 , 20 , 6 , 14 , 0 , 14 , 13 , 22 , 12 , 21 , 23 , 22 , 22 , 15 , 21 , 1 , 17 , 18 , 8 , 9 , 9 , 17 , 5 , 14 , 2 , 15 , 11 , 6 , 11 , 21 , 5 , 8 , 8 , 2 , 1 , 19 , 18 , 19 , 11 , 12 , 13 , 9 , 1 , 3 , 14 , 7 , 12 , 23 , 11 , 1 , 19 , 18 , 23 , 1 , 22 , 16 , 8 , 8 , 15 , 3 , 22 , 9 , 17 , 2 , 14 , 3 , 24 , 22 , 0 , 13 , 4 , 20 , 0 , 10 , 9 , 6 , 16 , 14 , 18 , 10 , 14 , 10 , 19 , 8 , 0 , 17 , 24 , 13 , 6 , 4 , 2 , 6 , 23 , 12 , 2 , 10 , 21 , 8 , 13 , 7 , 11 , 11 , 14 , 22 , 2 , 2 , 10 , 6 , 11 , 13 , 0 , 17 , 23 , 2 , 12 , 9 , 20 , 4 , 16 , 13 , 23 , 12 , 11 , 15 , 18 , 6 , 3 , 13 , 15 , 7 , 17 , 19 , 0 , 4 , 4 , 4 , 6 , 7 , 6 , 13 , 0 , 13 , 20 , 13 , 5 , 22 , 17 , 10 , 3 , 15 , 15 , 
Bins: 19 , 19 , 19 , 19 , 19 , 19 , 19 , 19 , 19 , 19 , 15 , 19 , 19 , 19 , 19 , 19 , 19 , 19 , 19 , 19 , 15 , 19 , 19 , 19 , 4 , 
Cost: 365174
time: 30.315367
nImprovAfterGreedy: 42
nImprovAfterRandom: 42
nMigrate: 204081
nSwap: 133846
n: 200
m: 20
Seed: 14176
