Items: 6 , 5 , 1 , 2 , 3 , 9 , 9 , 5 , 2 , 0 , 1 , 11 , 11 , 6 , 0 , 6 , 4 , 11 , 6 , 9 , 5 , 0 , 5 , 4 , 8 , 2 , 6 , 2 , 2 , 7 , 7 , 0 , 6 , 5 , 8 , 2 , 8 , 1 , 7 , 3 , 4 , 4 , 4 , 0 , 8 , 3 , 1 , 0 , 9 , 6 , 12 , 4 , 7 , 3 , 0 , 2 , 7 , 9 , 8 , 12 , 7 , 2 , 7 , 8 , 1 , 3 , 11 , 5 , 11 , 11 , 10 , 0 , 6 , 2 , 7 , 3 , 10 , 5 , 8 , 0 , 5 , 12 , 2 , 1 , 3 , 11 , 1 , 5 , 4 , 1 , 1 , 1 , 9 , 9 , 10 , 2 , 12 , 10 , 1 , 10 , 
Bins: 19 , 19 , 19 , 19 , 19 , 19 , 19 , 19 , 19 , 19 , 15 , 19 , 15 , 
Cost: 88296
time: 7.719573
nImprovAfterGreedy: 17
nImprovAfterRandom: 17
nMigrate: 197093
nSwap: 139285
n: 100
m: 20
Seed: 49046
