Items: 2 , 27 , 1 , 23 , 10 , 4 , 28 , 5 , 11 , 22 , 1 , 0 , 29 , 7 , 8 , 7 , 8 , 27 , 7 , 8 , 15 , 6 , 15 , 16 , 27 , 13 , 2 , 21 , 15 , 1 , 19 , 19 , 17 , 13 , 17 , 17 , 10 , 15 , 4 , 3 , 18 , 14 , 5 , 2 , 14 , 11 , 23 , 12 , 4 , 25 , 30 , 5 , 24 , 30 , 22 , 26 , 26 , 11 , 3 , 16 , 26 , 26 , 20 , 18 , 7 , 24 , 0 , 13 , 24 , 1 , 0 , 8 , 22 , 23 , 20 , 6 , 21 , 10 , 10 , 1 , 6 , 9 , 23 , 1 , 3 , 0 , 19 , 22 , 28 , 22 , 23 , 25 , 11 , 17 , 4 , 13 , 23 , 21 , 1 , 28 , 20 , 6 , 2 , 26 , 13 , 21 , 20 , 10 , 23 , 4 , 9 , 30 , 12 , 5 , 23 , 19 , 5 , 30 , 12 , 10 , 27 , 5 , 18 , 29 , 11 , 16 , 17 , 0 , 18 , 22 , 2 , 3 , 2 , 9 , 18 , 21 , 25 , 11 , 14 , 28 , 11 , 24 , 13 , 26 , 14 , 6 , 2 , 9 , 7 , 3 , 8 , 17 , 4 , 28 , 8 , 12 , 11 , 21 , 22 , 1 , 20 , 25 , 21 , 13 , 5 , 16 , 23 , 30 , 25 , 16 , 6 , 6 , 19 , 0 , 2 , 15 , 9 , 27 , 7 , 26 , 25 , 24 , 14 , 14 , 14 , 5 , 27 , 22 , 9 , 9 , 2 , 15 , 11 , 8 , 5 , 17 , 12 , 26 , 20 , 4 , 
Bins: 8 , 9 , 9 , 9 , 9 , 8 , 8 , 9 , 9 , 8 , 9 , 9 , 9 , 8 , 8 , 8 , 8 , 9 , 8 , 8 , 8 , 8 , 9 , 9 , 9 , 8 , 8 , 9 , 8 , 0 , 8 , 
Cost: 389837
time: 32.262876
nImprovAfterGreedy: 42
nImprovAfterRandom: 42
nMigrate: 212372
nSwap: 127673
n: 200
m: 10
Seed: 59588
