Items: 16 , 8 , 0 , 1 , 13 , 7 , 4 , 0 , 4 , 6 , 11 , 5 , 7 , 15 , 8 , 15 , 6 , 10 , 15 , 2 , 0 , 12 , 16 , 6 , 14 , 1 , 9 , 16 , 1 , 4 , 12 , 8 , 15 , 2 , 14 , 10 , 4 , 11 , 3 , 3 , 6 , 7 , 4 , 9 , 7 , 2 , 11 , 10 , 7 , 12 , 10 , 4 , 10 , 3 , 6 , 16 , 9 , 2 , 11 , 13 , 9 , 16 , 12 , 14 , 3 , 1 , 5 , 0 , 12 , 10 , 13 , 2 , 15 , 3 , 0 , 11 , 13 , 8 , 14 , 6 , 8 , 12 , 1 , 11 , 3 , 8 , 13 , 8 , 4 , 11 , 4 , 0 , 7 , 14 , 5 , 1 , 1 , 2 , 11 , 2 , 
Bins: 26 , 19 , 48 , 44 , 48 , 10 , 26 , 19 , 44 , 10 , 48 , 48 , 27 , 19 , 27 , 44 , 12 , 
Cost: 113048
time: 8.417352
nImprovAfterGreedy: 31
nImprovAfterRandom: 31
nMigrate: 134334
nSwap: 116050
n: 100
m: 50
Seed: 8892
