Items: 10 , 13 , 8 , 13 , 3 , 12 , 15 , 13 , 13 , 1 , 8 , 9 , 12 , 10 , 3 , 10 , 15 , 6 , 10 , 4 , 8 , 1 , 10 , 15 , 5 , 9 , 4 , 1 , 1 , 8 , 10 , 4 , 6 , 9 , 2 , 2 , 3 , 8 , 10 , 5 , 14 , 14 , 14 , 3 , 14 , 13 , 8 , 1 , 12 , 13 , 2 , 14 , 4 , 5 , 8 , 9 , 9 , 7 , 5 , 4 , 4 , 9 , 11 , 11 , 15 , 13 , 14 , 0 , 14 , 2 , 10 , 4 , 1 , 9 , 11 , 3 , 2 , 0 , 3 , 8 , 3 , 0 , 13 , 0 , 5 , 4 , 6 , 12 , 13 , 8 , 13 , 13 , 12 , 2 , 7 , 1 , 7 , 12 , 8 , 0 , 
Bins: 7 , 17 , 18 , 18 , 18 , 17 , 0 , 0 , 19 , 14 , 19 , 1 , 16 , 19 , 14 , 4 , 
Cost: 114537
time: 9.009186
nImprovAfterGreedy: 23
nImprovAfterRandom: 23
nMigrate: 174707
nSwap: 160371
n: 100
m: 20
Seed: 85158
