Items: 0 , 5 , 6 , 10 , 8 , 16 , 6 , 12 , 1 , 14 , 1 , 4 , 9 , 10 , 5 , 0 , 8 , 1 , 17 , 13 , 5 , 5 , 9 , 14 , 15 , 3 , 0 , 5 , 3 , 2 , 17 , 0 , 0 , 3 , 15 , 3 , 8 , 2 , 6 , 11 , 13 , 7 , 1 , 8 , 7 , 16 , 1 , 9 , 16 , 7 , 17 , 14 , 9 , 11 , 2 , 3 , 6 , 16 , 14 , 10 , 6 , 3 , 7 , 15 , 6 , 7 , 4 , 12 , 7 , 13 , 10 , 8 , 0 , 3 , 17 , 12 , 11 , 5 , 15 , 2 , 12 , 12 , 1 , 1 , 11 , 9 , 4 , 5 , 14 , 2 , 1 , 1 , 16 , 15 , 4 , 14 , 12 , 4 , 2 , 8 , 
Bins: 6 , 9 , 6 , 6 , 6 , 9 , 9 , 6 , 6 , 6 , 3 , 6 , 6 , 3 , 6 , 6 , 6 , 6 , 
Cost: 114178
time: 9.332577
nImprovAfterGreedy: 31
nImprovAfterRandom: 31
nMigrate: 210542
nSwap: 135700
n: 100
m: 10
Seed: 31692
