Items: 8 , 6 , 2 , 1 , 11 , 4 , 8 , 1 , 1 , 9 , 2 , 13 , 15 , 8 , 0 , 7 , 9 , 15 , 5 , 10 , 6 , 6 , 6 , 0 , 12 , 10 , 7 , 6 , 10 , 2 , 5 , 9 , 9 , 4 , 14 , 1 , 3 , 2 , 11 , 12 , 3 , 7 , 3 , 10 , 7 , 1 , 2 , 6 , 8 , 13 , 5 , 3 , 6 , 12 , 9 , 10 , 9 , 4 , 12 , 11 , 7 , 10 , 7 , 3 , 8 , 1 , 13 , 14 , 13 , 15 , 11 , 4 , 7 , 10 , 5 , 14 , 15 , 0 , 3 , 2 , 14 , 0 , 1 , 2 , 12 , 13 , 11 , 14 , 13 , 2 , 1 , 1 , 8 , 14 , 11 , 4 , 0 , 4 , 2 , 4 , 
Bins: 5 , 9 , 9 , 6 , 6 , 6 , 9 , 6 , 8 , 6 , 6 , 6 , 9 , 6 , 6 , 3 , 
Cost: 102088
time: 8.088073
nImprovAfterGreedy: 25
nImprovAfterRandom: 25
nMigrate: 190293
nSwap: 124665
n: 100
m: 10
Seed: 5931
