Items: 5 , 13 , 8 , 3 , 12 , 6 , 6 , 3 , 3 , 11 , 0 , 10 , 9 , 5 , 12 , 5 , 11 , 9 , 5 , 2 , 8 , 1 , 5 , 1 , 0 , 1 , 2 , 1 , 1 , 7 , 14 , 11 , 11 , 1 , 13 , 3 , 12 , 8 , 6 , 4 , 2 , 9 , 12 , 2 , 9 , 3 , 11 , 8 , 6 , 10 , 9 , 8 , 14 , 4 , 7 , 11 , 11 , 6 , 0 , 7 , 14 , 2 , 14 , 0 , 4 , 3 , 10 , 8 , 10 , 9 , 15 , 2 , 5 , 4 , 14 , 4 , 15 , 12 , 12 , 7 , 13 , 7 , 3 , 0 , 4 , 10 , 7 , 12 , 1 , 7 , 3 , 3 , 6 , 10 , 15 , 1 , 13 , 15 , 0 , 15 , 
Bins: 9 , 9 , 8 , 9 , 9 , 9 , 9 , 8 , 8 , 8 , 8 , 8 , 9 , 1 , 8 , 8 , 
Cost: 91993
time: 6.938674
nImprovAfterGreedy: 22
nImprovAfterRandom: 22
nMigrate: 167423
nSwap: 89747
n: 100
m: 10
Seed: 47969
