Items: 2 , 4 , 9 , 3 , 9 , 12 , 1 , 4 , 3 , 3 , 8 , 10 , 11 , 0 , 7 , 2 , 9 , 3 , 17 , 0 , 11 , 14 , 11 , 14 , 15 , 13 , 2 , 2 , 14 , 8 , 6 , 9 , 9 , 7 , 15 , 13 , 7 , 11 , 6 , 16 , 17 , 5 , 7 , 13 , 5 , 12 , 10 , 14 , 12 , 5 , 17 , 11 , 6 , 16 , 1 , 13 , 13 , 12 , 8 , 1 , 6 , 13 , 2 , 15 , 3 , 3 , 1 , 4 , 5 , 17 , 0 , 12 , 2 , 3 , 6 , 16 , 15 , 7 , 9 , 8 , 4 , 4 , 3 , 8 , 16 , 7 , 8 , 7 , 8 , 8 , 10 , 5 , 12 , 5 , 10 , 14 , 1 , 10 , 8 , 0 , 
Bins: 4 , 15 , 15 , 18 , 4 , 15 , 15 , 18 , 19 , 15 , 4 , 15 , 15 , 15 , 16 , 15 , 15 , 15 , 
Cost: 114789
time: 9.156115
nImprovAfterGreedy: 33
nImprovAfterRandom: 33
nMigrate: 135791
nSwap: 126661
n: 100
m: 20
Seed: 95966
