Items: 3 , 2 , 12 , 10 , 6 , 3 , 6 , 10 , 9 , 2 , 4 , 14 , 6 , 16 , 5 , 12 , 11 , 9 , 16 , 16 , 3 , 2 , 3 , 11 , 13 , 15 , 2 , 15 , 11 , 4 , 0 , 2 , 11 , 8 , 13 , 9 , 8 , 4 , 4 , 1 , 16 , 7 , 8 , 5 , 7 , 8 , 4 , 2 , 3 , 7 , 9 , 1 , 0 , 2 , 1 , 15 , 15 , 8 , 1 , 10 , 0 , 15 , 7 , 13 , 11 , 10 , 14 , 12 , 7 , 9 , 10 , 2 , 5 , 15 , 0 , 14 , 9 , 5 , 13 , 4 , 5 , 7 , 10 , 12 , 1 , 6 , 4 , 5 , 8 , 4 , 0 , 12 , 3 , 13 , 6 , 8 , 10 , 12 , 4 , 8 , 
Bins: 27 , 27 , 48 , 26 , 48 , 44 , 24 , 27 , 48 , 48 , 19 , 19 , 26 , 27 , 3 , 24 , 27 , 
Cost: 112721
time: 8.145859
nImprovAfterGreedy: 37
nImprovAfterRandom: 37
nMigrate: 106244
nSwap: 104850
n: 100
m: 50
Seed: 38135
