Items: 23 , 1 , 16 , 8 , 7 , 10 , 0 , 32 , 0 , 6 , 13 , 4 , 30 , 9 , 1 , 16 , 2 , 14 , 29 , 25 , 24 , 13 , 29 , 19 , 14 , 4 , 20 , 19 , 27 , 13 , 13 , 20 , 20 , 4 , 12 , 22 , 7 , 24 , 23 , 8 , 28 , 17 , 11 , 33 , 17 , 27 , 15 , 6 , 10 , 18 , 19 , 24 , 33 , 30 , 6 , 21 , 32 , 27 , 14 , 15 , 16 , 4 , 25 , 7 , 9 , 5 , 0 , 21 , 11 , 31 , 31 , 2 , 6 , 8 , 30 , 30 , 9 , 1 , 7 , 13 , 21 , 22 , 8 , 0 , 8 , 11 , 13 , 1 , 19 , 11 , 3 , 25 , 10 , 12 , 16 , 18 , 22 , 2 , 13 , 31 , 26 , 22 , 20 , 32 , 4 , 21 , 30 , 16 , 23 , 4 , 3 , 5 , 11 , 3 , 10 , 19 , 28 , 2 , 25 , 22 , 2 , 18 , 14 , 15 , 0 , 10 , 8 , 5 , 19 , 14 , 15 , 33 , 21 , 12 , 17 , 17 , 25 , 0 , 26 , 26 , 27 , 3 , 7 , 11 , 14 , 12 , 6 , 17 , 29 , 1 , 2 , 11 , 32 , 26 , 14 , 31 , 23 , 1 , 23 , 18 , 28 , 22 , 0 , 2 , 3 , 22 , 24 , 5 , 25 , 15 , 18 , 13 , 19 , 5 , 23 , 27 , 5 , 28 , 29 , 16 , 33 , 24 , 21 , 23 , 9 , 12 , 15 , 23 , 5 , 5 , 2 , 27 , 22 , 20 , 17 , 9 , 14 , 20 , 26 , 26 , 
Bins: 18 , 18 , 19 , 4 , 15 , 19 , 15 , 15 , 18 , 18 , 16 , 17 , 15 , 19 , 19 , 15 , 18 , 15 , 4 , 19 , 15 , 15 , 19 , 18 , 15 , 15 , 15 , 15 , 4 , 14 , 15 , 10 , 4 , 4 , 
Cost: 419806
time: 37.783895
nImprovAfterGreedy: 59
nImprovAfterRandom: 59
nMigrate: 203152
nSwap: 143585
n: 200
m: 20
Seed: 42926
