Items: 26 , 16 , 33 , 1 , 18 , 6 , 29 , 5 , 29 , 25 , 9 , 14 , 31 , 11 , 12 , 20 , 10 , 24 , 16 , 27 , 8 , 12 , 16 , 15 , 34 , 20 , 32 , 4 , 15 , 4 , 2 , 33 , 20 , 24 , 7 , 30 , 12 , 8 , 6 , 7 , 23 , 23 , 17 , 32 , 23 , 17 , 27 , 32 , 6 , 0 , 5 , 8 , 19 , 16 , 8 , 4 , 4 , 17 , 34 , 30 , 7 , 4 , 3 , 34 , 9 , 1 , 13 , 28 , 6 , 31 , 11 , 32 , 22 , 1 , 3 , 28 , 31 , 12 , 26 , 12 , 28 , 30 , 1 , 9 , 15 , 1 , 18 , 25 , 22 , 25 , 26 , 0 , 29 , 34 , 14 , 22 , 30 , 27 , 33 , 22 , 13 , 30 , 33 , 4 , 20 , 19 , 3 , 7 , 1 , 7 , 24 , 11 , 1 , 5 , 26 , 18 , 5 , 13 , 32 , 5 , 10 , 24 , 21 , 23 , 29 , 13 , 9 , 11 , 21 , 25 , 21 , 33 , 18 , 14 , 23 , 10 , 0 , 29 , 17 , 22 , 17 , 19 , 26 , 30 , 21 , 34 , 18 , 14 , 9 , 33 , 27 , 10 , 3 , 6 , 27 , 21 , 26 , 25 , 25 , 24 , 6 , 20 , 29 , 28 , 24 , 15 , 5 , 13 , 0 , 19 , 12 , 28 , 2 , 11 , 26 , 15 , 25 , 27 , 9 , 24 , 18 , 8 , 28 , 17 , 9 , 10 , 2 , 25 , 2 , 13 , 10 , 0 , 7 , 12 , 10 , 31 , 21 , 6 , 3 , 2 , 
Bins: 8 , 9 , 8 , 8 , 8 , 8 , 8 , 9 , 8 , 9 , 8 , 8 , 9 , 8 , 8 , 8 , 8 , 8 , 8 , 8 , 8 , 8 , 8 , 8 , 9 , 9 , 9 , 8 , 8 , 9 , 8 , 8 , 8 , 8 , 8 , 
Cost: 393320
time: 32.762910
nImprovAfterGreedy: 56
nImprovAfterRandom: 56
nMigrate: 201581
nSwap: 112918
n: 200
m: 10
Seed: 45354
