Items: 14 , 7 , 9 , 2 , 0 , 5 , 5 , 7 , 2 , 2 , 11 , 12 , 12 , 8 , 0 , 9 , 0 , 16 , 8 , 1 , 9 , 3 , 16 , 3 , 11 , 3 , 13 , 3 , 3 , 6 , 4 , 0 , 13 , 3 , 10 , 2 , 1 , 9 , 5 , 10 , 1 , 1 , 7 , 13 , 1 , 15 , 0 , 13 , 5 , 13 , 14 , 9 , 4 , 15 , 6 , 2 , 2 , 5 , 11 , 6 , 4 , 2 , 4 , 11 , 15 , 10 , 10 , 7 , 10 , 16 , 8 , 12 , 13 , 2 , 4 , 0 , 15 , 7 , 0 , 6 , 7 , 6 , 2 , 11 , 15 , 12 , 6 , 12 , 3 , 6 , 9 , 9 , 5 , 10 , 14 , 3 , 7 , 12 , 11 , 1 , 
Bins: 7 , 7 , 9 , 9 , 7 , 9 , 7 , 9 , 0 , 7 , 9 , 9 , 7 , 7 , 0 , 7 , 0 , 
Cost: 114744
time: 8.026439
nImprovAfterGreedy: 24
nImprovAfterRandom: 24
nMigrate: 183940
nSwap: 123077
n: 100
m: 10
Seed: 52064
