Items: 1 , 20 , 1 , 0 , 14 , 15 , 19 , 12 , 8 , 5 , 9 , 15 , 16 , 7 , 14 , 1 , 5 , 16 , 18 , 6 , 11 , 20 , 20 , 18 , 19 , 1 , 18 , 20 , 20 , 9 , 1 , 5 , 18 , 13 , 21 , 0 , 21 , 11 , 1 , 17 , 3 , 3 , 2 , 23 , 3 , 8 , 8 , 23 , 22 , 2 , 15 , 21 , 21 , 17 , 10 , 6 , 13 , 8 , 19 , 0 , 13 , 13 , 17 , 19 , 5 , 21 , 7 , 13 , 2 , 16 , 7 , 14 , 13 , 13 , 17 , 4 , 11 , 14 , 2 , 9 , 13 , 9 , 0 , 9 , 20 , 14 , 9 , 14 , 5 , 6 , 8 , 8 , 8 , 10 , 22 , 5 , 0 , 4 , 9 , 22 , 19 , 4 , 5 , 13 , 14 , 22 , 17 , 10 , 4 , 22 , 16 , 7 , 21 , 0 , 0 , 15 , 2 , 12 , 23 , 11 , 15 , 12 , 16 , 3 , 8 , 12 , 10 , 3 , 6 , 18 , 10 , 14 , 10 , 12 , 3 , 23 , 10 , 4 , 19 , 22 , 8 , 16 , 2 , 17 , 6 , 21 , 10 , 6 , 1 , 4 , 5 , 10 , 22 , 2 , 6 , 23 , 8 , 0 , 6 , 4 , 7 , 7 , 5 , 5 , 16 , 9 , 11 , 12 , 8 , 0 , 4 , 4 , 9 , 7 , 21 , 20 , 6 , 17 , 18 , 6 , 14 , 2 , 11 , 11 , 11 , 12 , 1 , 11 , 6 , 12 , 10 , 20 , 8 , 18 , 2 , 7 , 23 , 18 , 17 , 1 , 
Bins: 49 , 49 , 49 , 48 , 49 , 49 , 49 , 49 , 49 , 49 , 49 , 49 , 49 , 49 , 49 , 48 , 48 , 49 , 49 , 49 , 49 , 49 , 49 , 47 , 
Cost: 365076
time: 30.013916
nImprovAfterGreedy: 36
nImprovAfterRandom: 36
nMigrate: 152989
nSwap: 132399
n: 200
m: 50
Seed: 40877
