Items: 4 , 1 , 1 , 16 , 4 , 19 , 13 , 12 , 16 , 1 , 8 , 17 , 25 , 22 , 23 , 0 , 28 , 14 , 20 , 23 , 18 , 15 , 7 , 28 , 8 , 17 , 23 , 4 , 17 , 10 , 14 , 1 , 0 , 17 , 2 , 2 , 28 , 18 , 19 , 21 , 6 , 11 , 12 , 23 , 11 , 5 , 16 , 30 , 19 , 15 , 20 , 18 , 7 , 21 , 2 , 10 , 10 , 5 , 8 , 16 , 10 , 10 , 24 , 8 , 13 , 22 , 3 , 30 , 15 , 20 , 20 , 23 , 30 , 16 , 18 , 4 , 21 , 9 , 4 , 23 , 9 , 22 , 16 , 8 , 21 , 7 , 6 , 1 , 28 , 7 , 28 , 25 , 5 , 2 , 19 , 17 , 24 , 29 , 8 , 27 , 3 , 24 , 1 , 10 , 0 , 30 , 18 , 21 , 27 , 19 , 14 , 20 , 16 , 12 , 5 , 9 , 12 , 13 , 25 , 2 , 29 , 13 , 26 , 6 , 5 , 3 , 2 , 22 , 26 , 7 , 26 , 27 , 30 , 13 , 6 , 29 , 25 , 5 , 11 , 27 , 5 , 24 , 15 , 10 , 26 , 12 , 30 , 17 , 0 , 1 , 1 , 2 , 19 , 27 , 16 , 26 , 17 , 16 , 12 , 13 , 13 , 7 , 16 , 17 , 12 , 6 , 27 , 3 , 25 , 24 , 15 , 15 , 28 , 22 , 4 , 9 , 14 , 29 , 0 , 10 , 7 , 4 , 11 , 11 , 11 , 29 , 14 , 15 , 14 , 3 , 25 , 9 , 0 , 23 , 12 , 22 , 26 , 11 , 18 , 17 , 
Bins: 8 , 9 , 9 , 8 , 9 , 9 , 8 , 9 , 9 , 8 , 8 , 8 , 8 , 9 , 9 , 9 , 9 , 8 , 8 , 9 , 8 , 9 , 9 , 9 , 8 , 8 , 8 , 8 , 9 , 8 , 9 , 
Cost: 374095
time: 30.824231
nImprovAfterGreedy: 42
nImprovAfterRandom: 42
nMigrate: 207223
nSwap: 116207
n: 200
m: 10
Seed: 71886
