Items: 21 , 13 , 13 , 0 , 14 , 1 , 0 , 0 , 10 , 10 , 13 , 24 , 16 , 5 , 3 , 22 , 19 , 9 , 23 , 15 , 20 , 17 , 13 , 19 , 13 , 10 , 3 , 17 , 10 , 21 , 6 , 3 , 23 , 24 , 18 , 1 , 11 , 4 , 21 , 8 , 22 , 9 , 10 , 3 , 11 , 16 , 19 , 17 , 5 , 12 , 1 , 4 , 12 , 8 , 3 , 10 , 15 , 16 , 13 , 19 , 6 , 15 , 17 , 23 , 0 , 10 , 2 , 20 , 12 , 5 , 5 , 3 , 17 , 20 , 4 , 8 , 16 , 20 , 13 , 3 , 20 , 21 , 7 , 13 , 8 , 14 , 6 , 19 , 10 , 21 , 6 , 13 , 16 , 18 , 24 , 10 , 7 , 7 , 6 , 24 , 2 , 7 , 21 , 15 , 23 , 17 , 4 , 6 , 16 , 24 , 9 , 5 , 3 , 1 , 7 , 6 , 1 , 2 , 9 , 11 , 1 , 2 , 18 , 22 , 16 , 24 , 0 , 21 , 18 , 9 , 21 , 14 , 17 , 2 , 22 , 17 , 9 , 16 , 0 , 15 , 16 , 22 , 12 , 15 , 11 , 8 , 17 , 11 , 23 , 8 , 19 , 9 , 24 , 0 , 19 , 18 , 10 , 19 , 21 , 2 , 4 , 14 , 19 , 10 , 15 , 1 , 0 , 5 , 9 , 14 , 7 , 7 , 6 , 5 , 10 , 20 , 9 , 4 , 23 , 21 , 14 , 12 , 11 , 0 , 0 , 2 , 21 , 19 , 9 , 2 , 9 , 20 , 22 , 3 , 11 , 5 , 18 , 0 , 4 , 24 , 
Bins: 49 , 48 , 48 , 49 , 44 , 49 , 49 , 49 , 46 , 49 , 49 , 46 , 39 , 49 , 42 , 48 , 49 , 49 , 46 , 49 , 46 , 49 , 46 , 49 , 49 , 
Cost: 382633
time: 27.388726
nImprovAfterGreedy: 47
nImprovAfterRandom: 47
nMigrate: 130885
nSwap: 104419
n: 200
m: 50
Seed: 28267
