Items: 7 , 14 , 14 , 0 , 7 , 6 , 16 , 0 , 0 , 17 , 1 , 13 , 3 , 3 , 4 , 12 , 17 , 1 , 3 , 11 , 9 , 5 , 7 , 5 , 1 , 11 , 12 , 0 , 5 , 1 , 8 , 2 , 2 , 13 , 2 , 2 , 4 , 9 , 8 , 0 , 17 , 10 , 4 , 11 , 10 , 6 , 2 , 12 , 6 , 10 , 3 , 9 , 8 , 17 , 9 , 2 , 11 , 6 , 1 , 14 , 8 , 11 , 8 , 16 , 17 , 0 , 16 , 12 , 10 , 15 , 3 , 6 , 16 , 0 , 7 , 7 , 15 , 4 , 7 , 5 , 14 , 14 , 0 , 1 , 5 , 4 , 1 , 4 , 10 , 4 , 10 , 10 , 6 , 2 , 13 , 5 , 14 , 13 , 1 , 13 , 
Bins: 18 , 19 , 11 , 11 , 18 , 7 , 11 , 11 , 11 , 6 , 11 , 11 , 7 , 11 , 11 , 2 , 11 , 7 , 
Cost: 113221
time: 8.546195
nImprovAfterGreedy: 34
nImprovAfterRandom: 34
nMigrate: 145973
nSwap: 113628
n: 100
m: 20
Seed: 11956
