Items: 14 , 6 , 16 , 2 , 5 , 14 , 3 , 2 , 10 , 13 , 7 , 11 , 15 , 16 , 12 , 16 , 5 , 15 , 3 , 9 , 4 , 9 , 6 , 13 , 7 , 9 , 1 , 15 , 13 , 10 , 3 , 8 , 8 , 9 , 8 , 8 , 5 , 10 , 14 , 0 , 13 , 4 , 5 , 1 , 4 , 0 , 8 , 6 , 14 , 11 , 3 , 5 , 6 , 0 , 10 , 8 , 9 , 9 , 7 , 2 , 1 , 9 , 1 , 7 , 0 , 2 , 16 , 6 , 11 , 15 , 2 , 9 , 13 , 0 , 3 , 12 , 15 , 12 , 5 , 10 , 12 , 12 , 2 , 7 , 0 , 11 , 10 , 12 , 6 , 10 , 11 , 4 , 14 , 8 , 11 , 13 , 2 , 14 , 10 , 4 , 
Bins: 44 , 13 , 39 , 49 , 18 , 38 , 48 , 28 , 38 , 48 , 48 , 44 , 44 , 44 , 27 , 38 , 13 , 
Cost: 113601
time: 8.375526
nImprovAfterGreedy: 45
nImprovAfterRandom: 45
nMigrate: 118145
nSwap: 110958
n: 100
m: 50
Seed: 72537
