Items: 8 , 13 , 13 , 0 , 8 , 21 , 24 , 14 , 0 , 19 , 17 , 10 , 27 , 20 , 2 , 20 , 2 , 0 , 26 , 2 , 24 , 4 , 6 , 15 , 1 , 4 , 15 , 4 , 4 , 21 , 8 , 2 , 15 , 23 , 22 , 6 , 12 , 3 , 21 , 18 , 19 , 11 , 16 , 19 , 11 , 16 , 0 , 21 , 21 , 28 , 7 , 16 , 8 , 13 , 3 , 14 , 23 , 16 , 17 , 7 , 23 , 23 , 0 , 24 , 20 , 12 , 3 , 25 , 28 , 27 , 10 , 15 , 23 , 25 , 8 , 13 , 20 , 25 , 12 , 3 , 25 , 9 , 22 , 17 , 18 , 8 , 17 , 13 , 21 , 17 , 17 , 11 , 6 , 27 , 4 , 4 , 16 , 1 , 17 , 5 , 24 , 9 , 2 , 23 , 15 , 21 , 21 , 18 , 8 , 23 , 6 , 22 , 3 , 14 , 16 , 25 , 14 , 22 , 3 , 3 , 1 , 22 , 19 , 13 , 5 , 7 , 0 , 9 , 24 , 0 , 8 , 7 , 21 , 22 , 19 , 1 , 11 , 16 , 4 , 5 , 16 , 14 , 28 , 6 , 0 , 12 , 21 , 0 , 26 , 13 , 2 , 0 , 23 , 6 , 0 , 10 , 4 , 13 , 14 , 22 , 19 , 9 , 20 , 4 , 14 , 10 , 6 , 22 , 11 , 7 , 16 , 17 , 17 , 27 , 4 , 25 , 0 , 1 , 26 , 23 , 8 , 28 , 18 , 4 , 20 , 1 , 5 , 20 , 0 , 22 , 11 , 28 , 11 , 15 , 2 , 27 , 3 , 14 , 13 , 13 , 
Bins: 19 , 14 , 17 , 19 , 19 , 7 , 14 , 14 , 19 , 1 , 2 , 14 , 1 , 19 , 14 , 18 , 19 , 19 , 4 , 14 , 13 , 19 , 19 , 19 , 17 , 14 , 0 , 14 , 17 , 
Cost: 418550
time: 37.006784
nImprovAfterGreedy: 40
nImprovAfterRandom: 40
nMigrate: 183151
nSwap: 175430
n: 200
m: 20
Seed: 77777
