Items: 4 , 2 , 2 , 14 , 4 , 5 , 23 , 21 , 9 , 9 , 23 , 13 , 7 , 10 , 8 , 10 , 12 , 1 , 10 , 16 , 15 , 16 , 7 , 17 , 1 , 9 , 8 , 16 , 9 , 2 , 6 , 2 , 10 , 13 , 4 , 14 , 4 , 15 , 21 , 4 , 20 , 20 , 12 , 8 , 19 , 21 , 2 , 8 , 18 , 11 , 22 , 15 , 7 , 15 , 3 , 9 , 12 , 16 , 23 , 17 , 6 , 12 , 0 , 4 , 19 , 9 , 5 , 24 , 11 , 8 , 11 , 8 , 3 , 9 , 15 , 23 , 21 , 24 , 4 , 8 , 24 , 23 , 9 , 23 , 16 , 7 , 6 , 24 , 8 , 6 , 6 , 19 , 5 , 3 , 13 , 9 , 14 , 5 , 2 , 13 , 22 , 17 , 2 , 12 , 10 , 7 , 15 , 0 , 5 , 13 , 6 , 18 , 15 , 3 , 0 , 6 , 14 , 18 , 20 , 14 , 22 , 18 , 1 , 2 , 5 , 17 , 3 , 23 , 1 , 3 , 19 , 14 , 3 , 18 , 20 , 17 , 19 , 5 , 16 , 0 , 21 , 23 , 2 , 12 , 1 , 4 , 3 , 17 , 10 , 2 , 5 , 3 , 13 , 0 , 1 , 11 , 9 , 14 , 21 , 5 , 20 , 19 , 14 , 9 , 14 , 7 , 14 , 18 , 19 , 12 , 11 , 11 , 6 , 18 , 9 , 24 , 6 , 1 , 10 , 10 , 19 , 22 , 21 , 21 , 21 , 22 , 13 , 21 , 6 , 18 , 3 , 24 , 16 , 8 , 16 , 16 , 1 , 21 , 15 , 13 , 
Bins: 11 , 19 , 19 , 19 , 19 , 19 , 19 , 11 , 19 , 19 , 19 , 8 , 19 , 19 , 19 , 19 , 19 , 8 , 19 , 19 , 2 , 19 , 11 , 19 , 11 , 
Cost: 389543
time: 34.490685
nImprovAfterGreedy: 58
nImprovAfterRandom: 58
nMigrate: 252829
nSwap: 167647
n: 200
m: 20
Seed: 20800
