Items: 15 , 5 , 2 , 22 , 13 , 27 , 10 , 5 , 14 , 4 , 2 , 6 , 14 , 25 , 8 , 25 , 4 , 22 , 25 , 22 , 5 , 18 , 1 , 0 , 20 , 25 , 9 , 1 , 0 , 2 , 15 , 4 , 3 , 6 , 16 , 3 , 18 , 2 , 15 , 13 , 9 , 24 , 14 , 9 , 26 , 14 , 2 , 19 , 25 , 8 , 27 , 14 , 3 , 19 , 2 , 17 , 17 , 27 , 20 , 21 , 17 , 17 , 22 , 20 , 4 , 22 , 6 , 5 , 26 , 7 , 7 , 13 , 3 , 22 , 15 , 1 , 24 , 5 , 1 , 2 , 5 , 10 , 22 , 10 , 13 , 6 , 12 , 5 , 4 , 2 , 12 , 5 , 14 , 3 , 0 , 18 , 21 , 21 , 2 , 23 , 20 , 7 , 4 , 17 , 6 , 0 , 19 , 23 , 15 , 17 , 10 , 7 , 6 , 3 , 22 , 12 , 5 , 18 , 24 , 11 , 27 , 18 , 16 , 26 , 14 , 0 , 3 , 6 , 16 , 3 , 4 , 13 , 19 , 18 , 9 , 21 , 24 , 14 , 20 , 23 , 14 , 10 , 2 , 17 , 16 , 1 , 19 , 19 , 25 , 13 , 4 , 16 , 27 , 13 , 22 , 16 , 14 , 5 , 24 , 18 , 9 , 7 , 4 , 4 , 22 , 0 , 11 , 0 , 24 , 0 , 8 , 8 , 12 , 6 , 25 , 15 , 19 , 11 , 25 , 6 , 13 , 18 , 11 , 11 , 16 , 18 , 15 , 14 , 19 , 19 , 24 , 1 , 3 , 8 , 18 , 7 , 16 , 25 , 15 , 15 , 
Bins: 19 , 18 , 19 , 19 , 19 , 19 , 19 , 14 , 7 , 2 , 7 , 7 , 1 , 19 , 19 , 19 , 19 , 14 , 19 , 19 , 18 , 2 , 19 , 2 , 14 , 19 , 0 , 14 , 
Cost: 417493
time: 36.119400
nImprovAfterGreedy: 45
nImprovAfterRandom: 45
nMigrate: 208850
nSwap: 172501
n: 200
m: 20
Seed: 68955
