Items: 27 , 23 , 10 , 27 , 32 , 3 , 5 , 27 , 5 , 8 , 10 , 18 , 25 , 20 , 13 , 20 , 28 , 12 , 20 , 3 , 2 , 8 , 23 , 8 , 12 , 7 , 24 , 13 , 8 , 30 , 30 , 10 , 28 , 0 , 6 , 16 , 32 , 2 , 22 , 27 , 21 , 28 , 19 , 1 , 10 , 29 , 26 , 1 , 20 , 28 , 16 , 2 , 31 , 31 , 11 , 9 , 9 , 3 , 12 , 11 , 5 , 9 , 4 , 32 , 5 , 27 , 18 , 15 , 22 , 25 , 18 , 24 , 13 , 5 , 4 , 26 , 25 , 23 , 32 , 8 , 15 , 31 , 27 , 26 , 11 , 17 , 21 , 23 , 30 , 17 , 30 , 33 , 29 , 3 , 0 , 8 , 24 , 26 , 10 , 0 , 17 , 14 , 11 , 9 , 24 , 4 , 4 , 19 , 27 , 0 , 30 , 16 , 8 , 16 , 29 , 15 , 16 , 31 , 28 , 16 , 26 , 6 , 12 , 10 , 17 , 0 , 27 , 31 , 30 , 12 , 11 , 7 , 26 , 6 , 21 , 26 , 33 , 29 , 3 , 22 , 29 , 1 , 32 , 19 , 12 , 14 , 13 , 7 , 17 , 10 , 11 , 19 , 7 , 7 , 12 , 22 , 8 , 23 , 13 , 6 , 21 , 33 , 5 , 5 , 1 , 16 , 2 , 18 , 33 , 19 , 14 , 14 , 30 , 18 , 13 , 15 , 30 , 4 , 20 , 17 , 33 , 2 , 14 , 14 , 17 , 6 , 9 , 13 , 30 , 6 , 28 , 15 , 24 , 24 , 7 , 25 , 12 , 9 , 4 , 22 , 
Bins: 15 , 4 , 15 , 15 , 15 , 18 , 15 , 15 , 18 , 15 , 19 , 15 , 19 , 18 , 16 , 15 , 19 , 18 , 15 , 4 , 15 , 15 , 15 , 4 , 15 , 15 , 15 , 18 , 15 , 15 , 19 , 15 , 15 , 15 , 
Cost: 418913
time: 36.252219
nImprovAfterGreedy: 78
nImprovAfterRandom: 78
nMigrate: 173124
nSwap: 134178
n: 200
m: 20
Seed: 20758
