Items: 1 , 12 , 17 , 1 , 2 , 11 , 16 , 10 , 7 , 8 , 0 , 3 , 2 , 1 , 6 , 17 , 13 , 0 , 14 , 15 , 5 , 4 , 12 , 13 , 0 , 3 , 17 , 1 , 3 , 0 , 4 , 13 , 13 , 12 , 16 , 3 , 6 , 5 , 9 , 2 , 17 , 15 , 6 , 9 , 14 , 7 , 13 , 9 , 11 , 4 , 14 , 5 , 9 , 2 , 8 , 3 , 3 , 11 , 0 , 15 , 15 , 15 , 4 , 16 , 1 , 11 , 16 , 10 , 4 , 8 , 14 , 13 , 5 , 1 , 1 , 2 , 10 , 6 , 6 , 8 , 10 , 4 , 7 , 0 , 11 , 6 , 0 , 12 , 5 , 6 , 7 , 7 , 7 , 8 , 10 , 11 , 12 , 12 , 0 , 14 , 
Bins: 19 , 18 , 11 , 11 , 11 , 11 , 18 , 11 , 7 , 8 , 11 , 7 , 11 , 11 , 11 , 11 , 11 , 3 , 
Cost: 113940
time: 9.104005
nImprovAfterGreedy: 33
nImprovAfterRandom: 33
nMigrate: 170052
nSwap: 127001
n: 100
m: 20
Seed: 21124
