Items: 10 , 5 , 5 , 0 , 3 , 2 , 16 , 9 , 1 , 6 , 1 , 15 , 3 , 13 , 4 , 10 , 6 , 1 , 13 , 16 , 9 , 7 , 9 , 12 , 14 , 10 , 10 , 0 , 10 , 1 , 7 , 6 , 6 , 0 , 14 , 0 , 4 , 5 , 16 , 3 , 17 , 8 , 4 , 16 , 8 , 2 , 1 , 11 , 2 , 7 , 13 , 8 , 11 , 3 , 5 , 6 , 6 , 2 , 8 , 11 , 8 , 0 , 7 , 14 , 0 , 13 , 15 , 9 , 7 , 17 , 11 , 2 , 10 , 0 , 11 , 3 , 17 , 4 , 14 , 1 , 9 , 7 , 0 , 1 , 8 , 4 , 15 , 4 , 12 , 4 , 12 , 5 , 2 , 14 , 15 , 12 , 5 , 15 , 1 , 12 , 
Bins: 9 , 9 , 8 , 8 , 9 , 8 , 8 , 8 , 8 , 8 , 8 , 8 , 8 , 8 , 8 , 8 , 6 , 3 , 
Cost: 114945
time: 8.702712
nImprovAfterGreedy: 36
nImprovAfterRandom: 36
nMigrate: 176768
nSwap: 117422
n: 100
m: 10
Seed: 26893
