Items: 20 , 6 , 10 , 0 , 23 , 21 , 16 , 20 , 15 , 7 , 10 , 22 , 23 , 5 , 8 , 14 , 7 , 1 , 14 , 16 , 19 , 8 , 6 , 22 , 6 , 22 , 12 , 11 , 11 , 10 , 18 , 7 , 22 , 13 , 4 , 17 , 8 , 10 , 20 , 11 , 12 , 19 , 8 , 12 , 9 , 15 , 0 , 21 , 21 , 1 , 17 , 13 , 2 , 21 , 10 , 4 , 13 , 21 , 24 , 0 , 13 , 13 , 18 , 14 , 7 , 17 , 15 , 2 , 1 , 3 , 5 , 21 , 14 , 0 , 18 , 0 , 20 , 3 , 8 , 10 , 11 , 19 , 0 , 10 , 11 , 3 , 23 , 9 , 7 , 10 , 15 , 15 , 15 , 4 , 16 , 7 , 0 , 6 , 10 , 16 , 3 , 19 , 7 , 13 , 22 , 2 , 13 , 18 , 17 , 13 , 1 , 5 , 0 , 17 , 0 , 23 , 17 , 5 , 4 , 17 , 6 , 1 , 1 , 24 , 15 , 2 , 3 , 12 , 14 , 17 , 11 , 9 , 3 , 19 , 5 , 6 , 18 , 15 , 8 , 16 , 15 , 12 , 22 , 13 , 2 , 8 , 19 , 19 , 14 , 9 , 7 , 3 , 21 , 16 , 0 , 4 , 15 , 9 , 20 , 1 , 5 , 9 , 7 , 7 , 20 , 2 , 17 , 2 , 15 , 9 , 1 , 1 , 10 , 5 , 20 , 11 , 19 , 6 , 14 , 5 , 9 , 8 , 20 , 20 , 3 , 3 , 16 , 20 , 19 , 3 , 19 , 11 , 12 , 12 , 8 , 5 , 4 , 20 , 18 , 18 , 
Bins: 49 , 49 , 48 , 49 , 46 , 49 , 48 , 49 , 49 , 49 , 49 , 49 , 46 , 48 , 49 , 49 , 49 , 49 , 46 , 49 , 49 , 49 , 46 , 12 , 1 , 
Cost: 382118
time: 30.259727
nImprovAfterGreedy: 52
nImprovAfterRandom: 52
nMigrate: 134543
nSwap: 130217
n: 200
m: 50
Seed: 16719
