Items: 6 , 15 , 5 , 10 , 1 , 2 , 2 , 13 , 10 , 12 , 5 , 11 , 9 , 6 , 1 , 6 , 12 , 10 , 6 , 7 , 13 , 4 , 6 , 4 , 3 , 4 , 7 , 4 , 4 , 5 , 8 , 12 , 12 , 4 , 3 , 14 , 1 , 5 , 2 , 0 , 7 , 9 , 3 , 7 , 9 , 10 , 5 , 7 , 2 , 9 , 15 , 13 , 8 , 0 , 15 , 14 , 12 , 2 , 3 , 15 , 8 , 14 , 8 , 3 , 0 , 10 , 9 , 13 , 9 , 14 , 11 , 1 , 6 , 0 , 8 , 0 , 14 , 1 , 3 , 5 , 13 , 13 , 10 , 5 , 0 , 1 , 12 , 1 , 4 , 5 , 10 , 10 , 2 , 14 , 11 , 4 , 15 , 11 , 5 , 11 , 
Bins: 9 , 9 , 9 , 9 , 9 , 9 , 9 , 8 , 8 , 8 , 9 , 8 , 8 , 8 , 8 , 8 , 
Cost: 91966
time: 7.279706
nImprovAfterGreedy: 21
nImprovAfterRandom: 21
nMigrate: 176338
nSwap: 98734
n: 100
m: 10
Seed: 70977
