Items: 23 , 20 , 15 , 4 , 26 , 22 , 12 , 11 , 27 , 7 , 31 , 12 , 2 , 21 , 7 , 21 , 8 , 9 , 21 , 25 , 0 , 13 , 9 , 10 , 25 , 13 , 15 , 2 , 13 , 16 , 16 , 8 , 17 , 12 , 17 , 18 , 26 , 0 , 23 , 1 , 15 , 14 , 26 , 7 , 14 , 11 , 27 , 24 , 22 , 19 , 18 , 0 , 9 , 20 , 7 , 13 , 30 , 11 , 29 , 4 , 30 , 13 , 23 , 10 , 8 , 19 , 3 , 28 , 9 , 18 , 24 , 7 , 5 , 8 , 4 , 26 , 11 , 20 , 26 , 7 , 28 , 23 , 5 , 31 , 28 , 19 , 16 , 20 , 26 , 16 , 16 , 5 , 22 , 17 , 30 , 10 , 4 , 25 , 16 , 6 , 19 , 3 , 8 , 30 , 12 , 2 , 2 , 1 , 22 , 12 , 9 , 18 , 8 , 29 , 5 , 14 , 18 , 0 , 11 , 1 , 25 , 4 , 10 , 15 , 27 , 6 , 17 , 3 , 10 , 22 , 10 , 1 , 2 , 27 , 15 , 24 , 4 , 5 , 29 , 6 , 11 , 31 , 29 , 13 , 14 , 26 , 2 , 13 , 21 , 20 , 25 , 17 , 30 , 22 , 6 , 24 , 13 , 20 , 23 , 0 , 4 , 3 , 8 , 25 , 9 , 21 , 1 , 27 , 5 , 31 , 18 , 19 , 16 , 3 , 23 , 28 , 27 , 25 , 21 , 19 , 7 , 0 , 14 , 11 , 14 , 6 , 6 , 11 , 27 , 27 , 0 , 28 , 12 , 18 , 23 , 3 , 17 , 9 , 19 , 16 , 
Bins: 48 , 44 , 38 , 48 , 46 , 44 , 39 , 44 , 44 , 48 , 38 , 48 , 48 , 46 , 38 , 48 , 48 , 44 , 48 , 39 , 44 , 48 , 39 , 44 , 18 , 48 , 48 , 48 , 38 , 8 , 44 , 7 , 
Cost: 416776
time: 33.803165
nImprovAfterGreedy: 72
nImprovAfterRandom: 72
nMigrate: 148099
nSwap: 125393
n: 200
m: 50
Seed: 28707
