Items: 10 , 22 , 6 , 12 , 0 , 5 , 8 , 3 , 12 , 20 , 6 , 20 , 2 , 20 , 0 , 9 , 0 , 15 , 9 , 15 , 21 , 21 , 21 , 10 , 14 , 9 , 13 , 21 , 10 , 6 , 9 , 0 , 20 , 16 , 18 , 12 , 0 , 6 , 9 , 4 , 13 , 15 , 3 , 13 , 19 , 5 , 6 , 21 , 14 , 1 , 3 , 2 , 19 , 19 , 6 , 12 , 16 , 5 , 14 , 22 , 16 , 16 , 2 , 14 , 0 , 1 , 17 , 8 , 18 , 3 , 23 , 5 , 16 , 12 , 2 , 4 , 5 , 22 , 0 , 6 , 4 , 8 , 12 , 8 , 7 , 1 , 23 , 22 , 10 , 6 , 10 , 15 , 5 , 18 , 7 , 10 , 22 , 22 , 6 , 7 , 14 , 4 , 13 , 16 , 20 , 2 , 2 , 8 , 12 , 16 , 17 , 3 , 1 , 3 , 12 , 23 , 3 , 19 , 15 , 1 , 23 , 15 , 18 , 10 , 5 , 7 , 11 , 8 , 18 , 11 , 10 , 7 , 11 , 17 , 13 , 23 , 15 , 5 , 11 , 12 , 5 , 13 , 6 , 1 , 19 , 4 , 21 , 17 , 9 , 22 , 0 , 1 , 16 , 1 , 12 , 18 , 10 , 22 , 3 , 0 , 20 , 4 , 12 , 10 , 3 , 8 , 1 , 17 , 15 , 7 , 4 , 4 , 8 , 20 , 10 , 21 , 17 , 14 , 11 , 16 , 7 , 19 , 11 , 11 , 11 , 19 , 9 , 11 , 17 , 17 , 15 , 21 , 13 , 13 , 19 , 20 , 18 , 11 , 2 , 9 , 
Bins: 49 , 49 , 48 , 48 , 49 , 49 , 49 , 49 , 49 , 49 , 49 , 49 , 49 , 49 , 49 , 49 , 49 , 48 , 49 , 49 , 49 , 49 , 49 , 38 , 
Cost: 365099
time: 29.797552
nImprovAfterGreedy: 69
nImprovAfterRandom: 69
nMigrate: 147079
nSwap: 131005
n: 200
m: 50
Seed: 39295
