Items: 30 , 31 , 2 , 9 , 12 , 31 , 16 , 10 , 13 , 9 , 6 , 4 , 7 , 29 , 10 , 29 , 32 , 14 , 29 , 33 , 24 , 24 , 13 , 19 , 1 , 19 , 15 , 6 , 19 , 22 , 30 , 2 , 5 , 31 , 25 , 8 , 20 , 21 , 30 , 11 , 33 , 17 , 10 , 33 , 17 , 13 , 32 , 24 , 29 , 0 , 27 , 21 , 3 , 28 , 21 , 22 , 22 , 25 , 1 , 32 , 11 , 22 , 26 , 1 , 16 , 26 , 4 , 23 , 0 , 12 , 4 , 15 , 19 , 9 , 28 , 6 , 10 , 14 , 1 , 21 , 6 , 14 , 9 , 16 , 34 , 12 , 5 , 32 , 23 , 21 , 23 , 23 , 7 , 25 , 3 , 23 , 8 , 31 , 2 , 13 , 12 , 8 , 2 , 22 , 19 , 3 , 28 , 11 , 8 , 11 , 14 , 27 , 9 , 27 , 9 , 5 , 27 , 24 , 22 , 21 , 31 , 24 , 18 , 26 , 7 , 3 , 16 , 5 , 18 , 15 , 18 , 2 , 16 , 7 , 17 , 17 , 34 , 10 , 20 , 13 , 30 , 11 , 0 , 8 , 18 , 6 , 24 , 17 , 16 , 2 , 32 , 25 , 15 , 15 , 32 , 18 , 1 , 0 , 10 , 20 , 28 , 12 , 9 , 23 , 33 , 3 , 8 , 4 , 34 , 27 , 14 , 6 , 5 , 4 , 26 , 34 , 14 , 31 , 29 , 19 , 34 , 0 , 20 , 20 , 16 , 21 , 30 , 10 , 14 , 7 , 24 , 25 , 11 , 15 , 17 , 26 , 18 , 20 , 28 , 30 , 
Bins: 6 , 6 , 6 , 6 , 6 , 6 , 6 , 6 , 6 , 9 , 9 , 9 , 6 , 6 , 9 , 6 , 9 , 6 , 6 , 6 , 6 , 6 , 6 , 6 , 9 , 6 , 6 , 6 , 6 , 6 , 6 , 6 , 6 , 3 , 6 , 
Cost: 417708
time: 36.626352
nImprovAfterGreedy: 50
nImprovAfterRandom: 50
nMigrate: 226249
nSwap: 140550
n: 200
m: 10
Seed: 99486
