Items: 9 , 6 , 3 , 4 , 1 , 8 , 5 , 6 , 4 , 2 , 3 , 7 , 8 , 9 , 1 , 9 , 0 , 12 , 9 , 9 , 6 , 2 , 6 , 0 , 11 , 2 , 9 , 6 , 2 , 3 , 5 , 0 , 0 , 2 , 12 , 4 , 1 , 3 , 5 , 11 , 9 , 12 , 2 , 1 , 12 , 4 , 0 , 2 , 8 , 12 , 4 , 10 , 5 , 11 , 10 , 4 , 2 , 2 , 11 , 10 , 5 , 4 , 5 , 11 , 0 , 4 , 8 , 6 , 12 , 3 , 7 , 1 , 9 , 4 , 5 , 6 , 7 , 1 , 1 , 3 , 6 , 5 , 4 , 3 , 11 , 1 , 0 , 6 , 2 , 3 , 0 , 3 , 8 , 12 , 7 , 2 , 10 , 7 , 3 , 1 , 
Bins: 46 , 49 , 49 , 49 , 49 , 49 , 49 , 37 , 22 , 49 , 12 , 49 , 46 , 
Cost: 96697
time: 6.999712
nImprovAfterGreedy: 26
nImprovAfterRandom: 26
nMigrate: 115754
nSwap: 113081
n: 100
m: 50
Seed: 26825
