Items: 16 , 11 , 10 , 2 , 13 , 3 , 10 , 5 , 10 , 9 , 0 , 15 , 7 , 18 , 8 , 16 , 9 , 0 , 5 , 3 , 11 , 6 , 11 , 17 , 0 , 15 , 16 , 6 , 6 , 0 , 1 , 9 , 9 , 12 , 4 , 2 , 5 , 7 , 10 , 13 , 18 , 14 , 15 , 8 , 14 , 12 , 9 , 16 , 6 , 14 , 5 , 7 , 1 , 12 , 9 , 15 , 15 , 3 , 0 , 2 , 10 , 15 , 1 , 17 , 17 , 7 , 18 , 11 , 14 , 4 , 18 , 3 , 16 , 2 , 1 , 13 , 4 , 8 , 13 , 8 , 11 , 8 , 2 , 0 , 12 , 7 , 0 , 1 , 14 , 7 , 14 , 14 , 3 , 4 , 5 , 6 , 2 , 4 , 0 , 12 , 
Bins: 19 , 15 , 15 , 15 , 15 , 12 , 3 , 15 , 10 , 15 , 13 , 15 , 15 , 4 , 15 , 15 , 15 , 4 , 4 , 
Cost: 140121
time: 10.169325
nImprovAfterGreedy: 28
nImprovAfterRandom: 28
nMigrate: 193185
nSwap: 152923
n: 100
m: 20
Seed: 5584
