Items: 2 , 7 , 7 , 0 , 24 , 9 , 10 , 11 , 11 , 5 , 17 , 21 , 11 , 5 , 8 , 2 , 7 , 6 , 2 , 5 , 16 , 18 , 2 , 15 , 17 , 18 , 10 , 18 , 18 , 4 , 4 , 7 , 5 , 20 , 1 , 13 , 8 , 6 , 13 , 3 , 23 , 23 , 8 , 10 , 23 , 11 , 7 , 12 , 9 , 14 , 9 , 3 , 13 , 3 , 6 , 0 , 20 , 1 , 17 , 15 , 10 , 20 , 12 , 17 , 0 , 9 , 11 , 20 , 14 , 22 , 22 , 0 , 12 , 0 , 3 , 8 , 18 , 8 , 8 , 4 , 8 , 4 , 0 , 17 , 24 , 21 , 24 , 8 , 10 , 6 , 4 , 19 , 11 , 1 , 20 , 18 , 0 , 21 , 4 , 22 , 17 , 13 , 7 , 20 , 5 , 12 , 3 , 12 , 11 , 3 , 4 , 9 , 0 , 0 , 0 , 24 , 20 , 16 , 18 , 6 , 21 , 16 , 1 , 23 , 21 , 15 , 12 , 10 , 1 , 6 , 1 , 15 , 12 , 16 , 23 , 14 , 14 , 11 , 17 , 22 , 11 , 10 , 14 , 13 , 12 , 8 , 12 , 13 , 2 , 7 , 7 , 1 , 20 , 13 , 7 , 14 , 18 , 5 , 13 , 16 , 5 , 15 , 5 , 18 , 6 , 21 , 6 , 16 , 19 , 15 , 11 , 9 , 4 , 13 , 2 , 19 , 4 , 3 , 2 , 5 , 15 , 16 , 6 , 18 , 18 , 24 , 19 , 18 , 4 , 16 , 2 , 19 , 13 , 10 , 7 , 5 , 1 , 10 , 3 , 7 , 
Bins: 19 , 19 , 19 , 19 , 19 , 19 , 19 , 19 , 19 , 8 , 19 , 19 , 19 , 19 , 8 , 19 , 19 , 19 , 19 , 11 , 19 , 11 , 2 , 11 , 8 , 
Cost: 389853
time: 36.457514
nImprovAfterGreedy: 51
nImprovAfterRandom: 51
nMigrate: 248612
nSwap: 183034
n: 200
m: 20
Seed: 58792
