Items: 8 , 5 , 13 , 3 , 14 , 2 , 0 , 3 , 3 , 3 , 0 , 6 , 13 , 15 , 1 , 17 , 14 , 3 , 16 , 4 , 9 , 17 , 16 , 11 , 11 , 17 , 4 , 0 , 17 , 13 , 17 , 7 , 7 , 6 , 7 , 7 , 1 , 9 , 8 , 12 , 15 , 4 , 1 , 10 , 4 , 2 , 7 , 10 , 2 , 8 , 5 , 9 , 16 , 12 , 10 , 7 , 0 , 2 , 11 , 5 , 0 , 4 , 4 , 11 , 0 , 3 , 15 , 9 , 8 , 13 , 15 , 2 , 10 , 3 , 16 , 14 , 12 , 1 , 14 , 13 , 14 , 5 , 3 , 0 , 12 , 1 , 14 , 1 , 10 , 1 , 8 , 8 , 2 , 7 , 6 , 17 , 5 , 6 , 13 , 6 , 
Bins: 9 , 9 , 8 , 9 , 8 , 8 , 8 , 8 , 8 , 8 , 8 , 8 , 8 , 8 , 8 , 3 , 8 , 8 , 
Cost: 101555
time: 8.214869
nImprovAfterGreedy: 35
nImprovAfterRandom: 35
nMigrate: 166459
nSwap: 104731
n: 100
m: 10
Seed: 22568
