Items: 34 , 23 , 29 , 22 , 34 , 7 , 27 , 6 , 12 , 17 , 9 , 1 , 3 , 2 , 22 , 0 , 21 , 29 , 30 , 14 , 13 , 15 , 30 , 21 , 5 , 15 , 5 , 24 , 30 , 1 , 31 , 5 , 21 , 16 , 18 , 26 , 22 , 9 , 6 , 12 , 10 , 25 , 22 , 4 , 25 , 31 , 35 , 17 , 23 , 15 , 13 , 11 , 33 , 14 , 35 , 26 , 16 , 19 , 15 , 35 , 7 , 26 , 11 , 18 , 27 , 14 , 7 , 16 , 13 , 3 , 3 , 5 , 17 , 17 , 11 , 7 , 20 , 22 , 8 , 22 , 34 , 2 , 22 , 9 , 25 , 1 , 34 , 28 , 14 , 28 , 33 , 31 , 4 , 18 , 32 , 23 , 35 , 32 , 29 , 25 , 1 , 5 , 23 , 16 , 21 , 9 , 11 , 29 , 20 , 11 , 33 , 34 , 10 , 17 , 20 , 34 , 13 , 27 , 0 , 24 , 9 , 23 , 19 , 10 , 1 , 25 , 22 , 2 , 19 , 28 , 35 , 4 , 9 , 23 , 8 , 9 , 27 , 20 , 15 , 26 , 31 , 2 , 15 , 26 , 19 , 18 , 17 , 32 , 32 , 29 , 35 , 19 , 24 , 26 , 19 , 0 , 8 , 28 , 19 , 7 , 8 , 12 , 17 , 19 , 6 , 0 , 24 , 14 , 31 , 33 , 5 , 33 , 33 , 3 , 8 , 30 , 14 , 10 , 21 , 25 , 4 , 13 , 6 , 6 , 19 , 25 , 32 , 20 , 14 , 14 , 5 , 30 , 12 , 5 , 23 , 3 , 0 , 6 , 11 , 28 , 
Bins: 23 , 23 , 14 , 37 , 14 , 48 , 14 , 13 , 13 , 37 , 23 , 37 , 11 , 32 , 49 , 37 , 13 , 42 , 23 , 48 , 15 , 37 , 47 , 42 , 5 , 39 , 37 , 11 , 13 , 38 , 37 , 23 , 23 , 37 , 37 , 37 , 
Cost: 465442
time: 36.339527
nImprovAfterGreedy: 50
nImprovAfterRandom: 50
nMigrate: 136699
nSwap: 132403
n: 200
m: 50
Seed: 83412
