Items: 25 , 16 , 1 , 7 , 25 , 36 , 12 , 6 , 12 , 5 , 8 , 33 , 23 , 18 , 27 , 1 , 34 , 20 , 16 , 24 , 2 , 4 , 16 , 9 , 20 , 4 , 34 , 4 , 28 , 33 , 11 , 30 , 34 , 31 , 35 , 10 , 4 , 32 , 22 , 3 , 34 , 14 , 7 , 27 , 14 , 23 , 13 , 9 , 16 , 0 , 29 , 2 , 12 , 10 , 32 , 10 , 31 , 5 , 15 , 32 , 1 , 24 , 5 , 35 , 30 , 25 , 13 , 31 , 29 , 26 , 18 , 36 , 14 , 17 , 33 , 36 , 26 , 8 , 4 , 27 , 28 , 8 , 22 , 8 , 3 , 33 , 19 , 16 , 9 , 18 , 11 , 11 , 21 , 7 , 25 , 5 , 21 , 36 , 27 , 17 , 33 , 5 , 30 , 31 , 0 , 10 , 2 , 3 , 6 , 1 , 8 , 18 , 35 , 15 , 22 , 19 , 6 , 32 , 11 , 32 , 23 , 0 , 18 , 15 , 23 , 17 , 7 , 19 , 18 , 15 , 15 , 27 , 10 , 13 , 14 , 14 , 11 , 21 , 23 , 17 , 2 , 19 , 4 , 24 , 18 , 15 , 9 , 24 , 30 , 6 , 36 , 7 , 6 , 7 , 17 , 21 , 23 , 6 , 5 , 0 , 32 , 22 , 30 , 5 , 6 , 28 , 29 , 13 , 11 , 20 , 0 , 36 , 29 , 13 , 25 , 28 , 13 , 20 , 30 , 26 , 27 , 29 , 10 , 23 , 18 , 8 , 20 , 5 , 13 , 13 , 5 , 28 , 12 , 19 , 14 , 26 , 24 , 10 , 33 , 1 , 
Bins: 14 , 13 , 13 , 11 , 32 , 48 , 42 , 13 , 17 , 11 , 37 , 37 , 11 , 48 , 37 , 37 , 37 , 17 , 48 , 37 , 42 , 17 , 4 , 37 , 37 , 5 , 13 , 42 , 7 , 32 , 37 , 13 , 37 , 23 , 17 , 5 , 37 , 
Cost: 465493
time: 39.152841
nImprovAfterGreedy: 49
nImprovAfterRandom: 49
nMigrate: 158527
nSwap: 147252
n: 200
m: 50
Seed: 4046
