Items: 14 , 4 , 4 , 10 , 14 , 8 , 11 , 8 , 3 , 0 , 15 , 11 , 17 , 6 , 12 , 6 , 0 , 17 , 6 , 12 , 1 , 7 , 15 , 16 , 15 , 4 , 12 , 9 , 16 , 18 , 19 , 0 , 6 , 9 , 18 , 5 , 18 , 1 , 8 , 13 , 21 , 20 , 9 , 12 , 20 , 2 , 14 , 12 , 8 , 7 , 24 , 9 , 16 , 4 , 5 , 3 , 9 , 2 , 15 , 10 , 9 , 9 , 19 , 15 , 0 , 24 , 11 , 22 , 13 , 17 , 13 , 12 , 5 , 10 , 19 , 14 , 2 , 4 , 14 , 12 , 22 , 3 , 10 , 15 , 13 , 11 , 21 , 4 , 0 , 3 , 3 , 20 , 2 , 5 , 16 , 0 , 10 , 24 , 17 , 23 , 11 , 7 , 0 , 9 , 6 , 16 , 9 , 19 , 8 , 9 , 3 , 18 , 10 , 5 , 10 , 22 , 8 , 7 , 18 , 1 , 24 , 7 , 13 , 17 , 2 , 16 , 5 , 11 , 13 , 8 , 5 , 13 , 5 , 7 , 21 , 14 , 20 , 2 , 1 , 23 , 2 , 21 , 14 , 10 , 3 , 15 , 5 , 3 , 6 , 4 , 0 , 5 , 8 , 12 , 10 , 18 , 2 , 4 , 3 , 7 , 21 , 20 , 0 , 0 , 8 , 16 , 1 , 16 , 20 , 17 , 7 , 7 , 19 , 11 , 14 , 22 , 3 , 19 , 6 , 6 , 20 , 24 , 1 , 1 , 1 , 4 , 14 , 2 , 3 , 2 , 7 , 22 , 18 , 12 , 3 , 17 , 18 , 8 , 19 , 19 , 
Bins: 19 , 19 , 19 , 19 , 19 , 19 , 19 , 19 , 19 , 19 , 19 , 19 , 19 , 19 , 19 , 19 , 19 , 19 , 19 , 19 , 19 , 15 , 15 , 0 , 15 , 
Cost: 364628
time: 30.746666
nImprovAfterGreedy: 47
nImprovAfterRandom: 47
nMigrate: 189595
nSwap: 139647
n: 200
m: 20
Seed: 71240
