Items: 7 , 17 , 15 , 3 , 10 , 11 , 2 , 5 , 7 , 17 , 1 , 11 , 10 , 3 , 0 , 15 , 0 , 1 , 5 , 2 , 16 , 17 , 16 , 17 , 1 , 5 , 15 , 17 , 17 , 1 , 9 , 0 , 6 , 17 , 6 , 5 , 0 , 13 , 7 , 7 , 15 , 8 , 5 , 12 , 8 , 10 , 7 , 12 , 7 , 8 , 5 , 13 , 9 , 10 , 13 , 6 , 2 , 2 , 1 , 14 , 2 , 0 , 9 , 6 , 3 , 3 , 11 , 4 , 8 , 14 , 14 , 0 , 3 , 3 , 9 , 10 , 14 , 4 , 0 , 1 , 4 , 4 , 5 , 4 , 13 , 10 , 1 , 9 , 0 , 13 , 8 , 8 , 7 , 6 , 11 , 17 , 5 , 11 , 1 , 12 , 
Bins: 19 , 19 , 18 , 18 , 9 , 19 , 15 , 18 , 15 , 15 , 15 , 15 , 4 , 15 , 12 , 10 , 0 , 18 , 
Cost: 101437
time: 7.895639
nImprovAfterGreedy: 30
nImprovAfterRandom: 30
nMigrate: 124730
nSwap: 92936
n: 100
m: 20
Seed: 98625
