Items: 7 , 6 , 6 , 2 , 15 , 4 , 12 , 2 , 2 , 9 , 6 , 8 , 11 , 10 , 13 , 7 , 9 , 0 , 10 , 1 , 13 , 6 , 11 , 9 , 3 , 5 , 9 , 5 , 5 , 0 , 4 , 9 , 9 , 5 , 14 , 2 , 15 , 13 , 4 , 14 , 15 , 3 , 2 , 1 , 3 , 1 , 9 , 1 , 4 , 6 , 2 , 13 , 4 , 3 , 13 , 5 , 5 , 1 , 3 , 4 , 4 , 5 , 6 , 15 , 12 , 14 , 8 , 7 , 8 , 8 , 10 , 1 , 7 , 5 , 15 , 11 , 12 , 11 , 15 , 13 , 7 , 13 , 2 , 6 , 14 , 8 , 0 , 11 , 9 , 13 , 6 , 6 , 1 , 8 , 7 , 5 , 2 , 11 , 0 , 3 , 
Bins: 0 , 47 , 37 , 46 , 46 , 46 , 46 , 37 , 36 , 46 , 0 , 36 , 0 , 46 , 15 , 46 , 
Cost: 113477
time: 6.963584
nImprovAfterGreedy: 14
nImprovAfterRandom: 14
nMigrate: 71673
nSwap: 93884
n: 100
m: 50
Seed: 25253
