Items: 4 , 19 , 8 , 17 , 4 , 21 , 18 , 21 , 13 , 10 , 8 , 16 , 15 , 7 , 9 , 7 , 5 , 23 , 7 , 12 , 8 , 10 , 19 , 5 , 19 , 10 , 12 , 15 , 10 , 8 , 16 , 7 , 7 , 10 , 6 , 1 , 9 , 8 , 21 , 13 , 20 , 11 , 4 , 12 , 11 , 10 , 5 , 12 , 21 , 9 , 18 , 0 , 16 , 19 , 8 , 17 , 20 , 10 , 19 , 5 , 12 , 17 , 13 , 6 , 7 , 13 , 14 , 12 , 23 , 0 , 14 , 10 , 6 , 17 , 16 , 17 , 0 , 9 , 4 , 8 , 9 , 9 , 17 , 0 , 19 , 16 , 3 , 16 , 5 , 8 , 3 , 22 , 21 , 6 , 2 , 10 , 1 , 24 , 8 , 2 , 18 , 14 , 8 , 20 , 4 , 13 , 15 , 6 , 21 , 2 , 3 , 18 , 17 , 6 , 17 , 3 , 1 , 18 , 23 , 1 , 24 , 10 , 23 , 20 , 15 , 2 , 6 , 14 , 23 , 13 , 12 , 1 , 12 , 15 , 4 , 24 , 15 , 0 , 11 , 2 , 10 , 14 , 4 , 1 , 11 , 17 , 12 , 24 , 7 , 1 , 5 , 6 , 21 , 13 , 5 , 23 , 10 , 0 , 0 , 9 , 4 , 14 , 0 , 10 , 21 , 22 , 1 , 13 , 22 , 5 , 9 , 3 , 3 , 13 , 4 , 22 , 15 , 20 , 7 , 18 , 1 , 18 , 11 , 11 , 11 , 6 , 2 , 0 , 15 , 15 , 12 , 22 , 18 , 9 , 19 , 0 , 23 , 21 , 16 , 16 , 
Bins: 19 , 19 , 19 , 15 , 19 , 19 , 19 , 19 , 19 , 19 , 19 , 15 , 19 , 19 , 17 , 19 , 19 , 19 , 19 , 19 , 15 , 19 , 15 , 19 , 2 , 
Cost: 383221
time: 33.352676
nImprovAfterGreedy: 44
nImprovAfterRandom: 44
nMigrate: 213337
nSwap: 156696
n: 200
m: 20
Seed: 29482
