Items: 9 , 3 , 0 , 9 , 11 , 7 , 6 , 3 , 2 , 1 , 0 , 10 , 8 , 9 , 1 , 9 , 5 , 8 , 9 , 1 , 3 , 1 , 3 , 5 , 4 , 2 , 1 , 9 , 2 , 2 , 6 , 1 , 10 , 3 , 4 , 2 , 4 , 0 , 6 , 11 , 5 , 8 , 2 , 1 , 8 , 11 , 0 , 1 , 7 , 10 , 8 , 9 , 6 , 11 , 7 , 2 , 2 , 7 , 4 , 9 , 6 , 2 , 6 , 4 , 0 , 11 , 10 , 3 , 10 , 8 , 12 , 1 , 9 , 2 , 6 , 11 , 12 , 3 , 4 , 1 , 3 , 6 , 2 , 0 , 11 , 10 , 0 , 3 , 5 , 0 , 0 , 0 , 7 , 4 , 12 , 5 , 7 , 12 , 0 , 12 , 
Bins: 19 , 19 , 19 , 19 , 19 , 16 , 19 , 16 , 15 , 19 , 15 , 19 , 15 , 
Cost: 96825
time: 13.664211
nImprovAfterGreedy: 24
nImprovAfterRandom: 24
nMigrate: 196467
nSwap: 139062
n: 100
m: 20
Seed: 50953
