Items: 19 , 8 , 12 , 19 , 24 , 5 , 3 , 19 , 3 , 23 , 30 , 20 , 25 , 13 , 32 , 13 , 0 , 18 , 13 , 27 , 11 , 15 , 8 , 33 , 29 , 14 , 28 , 15 , 28 , 5 , 16 , 12 , 14 , 8 , 17 , 7 , 24 , 4 , 5 , 19 , 26 , 26 , 3 , 18 , 26 , 27 , 33 , 18 , 13 , 2 , 34 , 25 , 10 , 7 , 17 , 22 , 15 , 17 , 30 , 33 , 16 , 27 , 5 , 9 , 0 , 19 , 1 , 31 , 2 , 7 , 20 , 28 , 15 , 0 , 25 , 24 , 7 , 32 , 24 , 34 , 22 , 11 , 19 , 30 , 28 , 32 , 6 , 8 , 33 , 8 , 16 , 21 , 3 , 17 , 20 , 9 , 17 , 29 , 12 , 20 , 1 , 11 , 12 , 15 , 14 , 5 , 25 , 16 , 19 , 25 , 10 , 34 , 32 , 10 , 23 , 6 , 31 , 1 , 4 , 34 , 29 , 10 , 9 , 26 , 3 , 1 , 19 , 6 , 9 , 23 , 9 , 12 , 5 , 11 , 26 , 29 , 21 , 3 , 4 , 27 , 14 , 6 , 2 , 27 , 22 , 24 , 5 , 31 , 9 , 12 , 23 , 17 , 31 , 31 , 33 , 22 , 3 , 2 , 23 , 10 , 30 , 21 , 0 , 0 , 18 , 20 , 34 , 1 , 21 , 33 , 32 , 32 , 16 , 14 , 23 , 28 , 11 , 29 , 13 , 22 , 21 , 2 , 4 , 4 , 4 , 29 , 18 , 23 , 11 , 1 , 0 , 28 , 14 , 6 , 31 , 30 , 22 , 30 , 25 , 8 , 
Bins: 6 , 6 , 6 , 9 , 6 , 6 , 6 , 6 , 9 , 6 , 3 , 6 , 6 , 6 , 6 , 6 , 6 , 6 , 6 , 9 , 6 , 6 , 6 , 9 , 6 , 6 , 6 , 6 , 6 , 6 , 6 , 6 , 9 , 6 , 6 , 
Cost: 417585
time: 32.714212
nImprovAfterGreedy: 54
nImprovAfterRandom: 54
nMigrate: 201480
nSwap: 112346
n: 200
m: 10
Seed: 28843
