Items: 4 , 15 , 14 , 2 , 17 , 16 , 14 , 2 , 2 , 6 , 3 , 13 , 17 , 8 , 1 , 5 , 7 , 2 , 8 , 8 , 10 , 4 , 10 , 7 , 11 , 4 , 6 , 4 , 4 , 3 , 4 , 6 , 6 , 1 , 11 , 2 , 1 , 10 , 14 , 17 , 7 , 12 , 1 , 9 , 12 , 9 , 15 , 6 , 16 , 12 , 15 , 10 , 5 , 9 , 15 , 6 , 14 , 16 , 3 , 15 , 14 , 10 , 4 , 11 , 14 , 2 , 13 , 5 , 12 , 0 , 8 , 9 , 5 , 2 , 4 , 17 , 0 , 1 , 11 , 3 , 5 , 16 , 2 , 3 , 17 , 1 , 3 , 1 , 7 , 3 , 12 , 12 , 16 , 11 , 13 , 7 , 15 , 13 , 3 , 9 , 
Bins: 2 , 18 , 18 , 19 , 19 , 15 , 15 , 16 , 15 , 15 , 15 , 15 , 15 , 15 , 18 , 15 , 16 , 15 , 
Cost: 101151
time: 7.812062
nImprovAfterGreedy: 45
nImprovAfterRandom: 45
nMigrate: 121814
nSwap: 95971
n: 100
m: 20
Seed: 81351
