Items: 14 , 1 , 1 , 4 , 8 , 19 , 19 , 4 , 14 , 13 , 23 , 9 , 28 , 15 , 5 , 18 , 13 , 21 , 18 , 14 , 3 , 29 , 18 , 26 , 22 , 18 , 12 , 30 , 29 , 5 , 21 , 1 , 24 , 27 , 16 , 1 , 4 , 5 , 17 , 10 , 20 , 7 , 4 , 12 , 7 , 28 , 30 , 12 , 17 , 24 , 25 , 27 , 8 , 11 , 10 , 14 , 27 , 28 , 23 , 6 , 27 , 27 , 29 , 23 , 13 , 2 , 19 , 25 , 2 , 24 , 30 , 0 , 12 , 13 , 8 , 30 , 6 , 4 , 30 , 5 , 25 , 29 , 4 , 23 , 23 , 8 , 20 , 6 , 13 , 14 , 14 , 1 , 28 , 16 , 17 , 3 , 4 , 6 , 5 , 26 , 8 , 29 , 16 , 27 , 24 , 30 , 27 , 0 , 19 , 27 , 14 , 25 , 0 , 4 , 0 , 25 , 4 , 3 , 6 , 10 , 22 , 3 , 11 , 20 , 28 , 26 , 4 , 29 , 11 , 10 , 16 , 7 , 12 , 3 , 20 , 30 , 21 , 19 , 3 , 26 , 28 , 29 , 9 , 27 , 14 , 23 , 12 , 14 , 18 , 1 , 6 , 28 , 17 , 10 , 13 , 16 , 14 , 1 , 14 , 19 , 13 , 15 , 13 , 13 , 4 , 9 , 7 , 20 , 21 , 22 , 24 , 2 , 26 , 15 , 30 , 21 , 14 , 22 , 18 , 14 , 7 , 2 , 10 , 28 , 3 , 3 , 21 , 6 , 21 , 2 , 12 , 5 , 8 , 24 , 29 , 15 , 16 , 19 , 1 , 1 , 
Bins: 13 , 41 , 32 , 46 , 49 , 37 , 44 , 8 , 32 , 3 , 32 , 3 , 41 , 46 , 49 , 13 , 32 , 7 , 44 , 35 , 36 , 46 , 8 , 46 , 36 , 36 , 32 , 48 , 46 , 46 , 36 , 
Cost: 417574
time: 32.736176
nImprovAfterGreedy: 29
nImprovAfterRandom: 29
nMigrate: 93201
nSwap: 129564
n: 200
m: 50
Seed: 66089
