Items: 14 , 6 , 9 , 8 , 10 , 1 , 16 , 12 , 2 , 8 , 5 , 13 , 11 , 8 , 6 , 9 , 10 , 11 , 9 , 8 , 3 , 5 , 6 , 7 , 4 , 2 , 7 , 5 , 2 , 5 , 0 , 6 , 9 , 2 , 15 , 2 , 10 , 3 , 1 , 4 , 10 , 11 , 2 , 7 , 11 , 12 , 5 , 7 , 1 , 12 , 11 , 3 , 0 , 4 , 3 , 2 , 2 , 1 , 4 , 8 , 0 , 8 , 0 , 14 , 8 , 1 , 9 , 12 , 15 , 11 , 13 , 10 , 14 , 8 , 0 , 5 , 12 , 6 , 10 , 3 , 5 , 3 , 2 , 5 , 4 , 6 , 9 , 6 , 7 , 3 , 12 , 12 , 1 , 15 , 13 , 7 , 16 , 13 , 5 , 13 , 
Bins: 7 , 9 , 9 , 7 , 9 , 9 , 9 , 7 , 9 , 7 , 7 , 7 , 7 , 7 , 0 , 0 , 0 , 
Cost: 115127
time: 9.488781
nImprovAfterGreedy: 21
nImprovAfterRandom: 21
nMigrate: 212669
nSwap: 164125
n: 100
m: 10
Seed: 86285
