Items: 25 , 0 , 10 , 1 , 25 , 26 , 2 , 7 , 2 , 4 , 10 , 14 , 3 , 8 , 22 , 8 , 22 , 9 , 8 , 5 , 21 , 4 , 21 , 6 , 29 , 12 , 5 , 18 , 4 , 10 , 23 , 22 , 14 , 12 , 1 , 1 , 24 , 10 , 26 , 26 , 20 , 13 , 24 , 5 , 13 , 4 , 22 , 18 , 26 , 14 , 7 , 3 , 18 , 0 , 16 , 12 , 12 , 4 , 28 , 16 , 23 , 12 , 3 , 28 , 8 , 30 , 26 , 27 , 24 , 17 , 17 , 5 , 18 , 12 , 3 , 25 , 17 , 0 , 24 , 5 , 27 , 15 , 1 , 10 , 28 , 6 , 27 , 0 , 2 , 10 , 23 , 9 , 2 , 1 , 25 , 4 , 16 , 29 , 10 , 11 , 28 , 16 , 22 , 12 , 14 , 18 , 3 , 23 , 26 , 20 , 15 , 7 , 5 , 7 , 11 , 27 , 7 , 30 , 9 , 23 , 29 , 30 , 19 , 20 , 11 , 11 , 1 , 30 , 19 , 26 , 28 , 6 , 1 , 15 , 20 , 29 , 9 , 2 , 13 , 11 , 4 , 30 , 10 , 1 , 19 , 24 , 18 , 15 , 8 , 0 , 22 , 1 , 17 , 2 , 19 , 19 , 4 , 0 , 7 , 25 , 20 , 6 , 2 , 4 , 7 , 9 , 21 , 30 , 9 , 6 , 4 , 27 , 23 , 14 , 25 , 21 , 15 , 29 , 8 , 17 , 6 , 24 , 13 , 13 , 13 , 0 , 25 , 26 , 15 , 15 , 22 , 21 , 20 , 5 , 22 , 17 , 19 , 13 , 3 , 23 , 
Bins: 9 , 9 , 9 , 8 , 9 , 9 , 9 , 8 , 9 , 8 , 9 , 9 , 8 , 8 , 8 , 8 , 4 , 8 , 9 , 8 , 8 , 8 , 9 , 9 , 9 , 9 , 9 , 8 , 8 , 8 , 9 , 
Cost: 374083
time: 30.945459
nImprovAfterGreedy: 45
nImprovAfterRandom: 45
nMigrate: 205223
nSwap: 116653
n: 200
m: 10
Seed: 93114
