Items: 0 , 1 , 1 , 2 , 12 , 19 , 25 , 4 , 1 , 10 , 29 , 20 , 4 , 7 , 5 , 0 , 10 , 3 , 18 , 13 , 14 , 9 , 24 , 8 , 29 , 9 , 0 , 21 , 9 , 21 , 22 , 10 , 23 , 9 , 13 , 2 , 27 , 14 , 22 , 12 , 30 , 3 , 27 , 5 , 6 , 9 , 1 , 3 , 19 , 23 , 7 , 27 , 25 , 15 , 10 , 2 , 11 , 9 , 20 , 22 , 22 , 11 , 0 , 8 , 10 , 7 , 26 , 4 , 28 , 4 , 7 , 5 , 16 , 10 , 15 , 21 , 4 , 5 , 28 , 5 , 21 , 17 , 2 , 29 , 12 , 20 , 12 , 22 , 27 , 17 , 1 , 1 , 19 , 2 , 25 , 9 , 27 , 29 , 1 , 5 , 20 , 21 , 10 , 11 , 23 , 25 , 15 , 16 , 19 , 19 , 17 , 7 , 24 , 2 , 19 , 12 , 4 , 7 , 3 , 2 , 29 , 9 , 13 , 30 , 20 , 25 , 2 , 26 , 13 , 0 , 22 , 12 , 2 , 14 , 30 , 29 , 16 , 27 , 6 , 11 , 9 , 30 , 28 , 11 , 6 , 21 , 3 , 17 , 18 , 1 , 22 , 2 , 15 , 24 , 1 , 27 , 9 , 22 , 17 , 9 , 7 , 26 , 10 , 9 , 8 , 25 , 2 , 8 , 3 , 26 , 9 , 23 , 26 , 26 , 0 , 19 , 17 , 29 , 18 , 7 , 5 , 28 , 6 , 6 , 6 , 6 , 22 , 4 , 17 , 17 , 3 , 21 , 30 , 0 , 6 , 4 , 13 , 11 , 15 , 22 , 
Bins: 32 , 41 , 49 , 41 , 48 , 37 , 46 , 46 , 8 , 49 , 46 , 36 , 46 , 35 , 3 , 37 , 0 , 32 , 0 , 46 , 32 , 44 , 49 , 12 , 0 , 41 , 47 , 46 , 7 , 46 , 32 , 
Cost: 417023
time: 33.312822
nImprovAfterGreedy: 53
nImprovAfterRandom: 53
nMigrate: 106816
nSwap: 135721
n: 200
m: 50
Seed: 95710
