Items: 0 , 15 , 18 , 2 , 0 , 26 , 12 , 1 , 21 , 6 , 7 , 26 , 23 , 11 , 3 , 18 , 8 , 10 , 29 , 10 , 13 , 17 , 13 , 6 , 28 , 17 , 19 , 2 , 17 , 9 , 9 , 19 , 6 , 16 , 25 , 1 , 8 , 3 , 12 , 12 , 19 , 22 , 24 , 10 , 22 , 16 , 5 , 13 , 26 , 17 , 1 , 27 , 11 , 15 , 27 , 25 , 29 , 15 , 7 , 2 , 27 , 2 , 21 , 7 , 12 , 17 , 5 , 15 , 31 , 23 , 0 , 3 , 18 , 2 , 21 , 8 , 23 , 3 , 8 , 3 , 15 , 4 , 1 , 7 , 27 , 0 , 9 , 3 , 8 , 9 , 9 , 30 , 26 , 25 , 0 , 20 , 4 , 28 , 9 , 16 , 20 , 14 , 19 , 29 , 6 , 11 , 15 , 24 , 1 , 18 , 10 , 1 , 19 , 1 , 4 , 22 , 1 , 20 , 25 , 24 , 28 , 20 , 10 , 18 , 16 , 16 , 12 , 14 , 10 , 12 , 27 , 31 , 24 , 5 , 18 , 28 , 27 , 4 , 22 , 21 , 17 , 14 , 6 , 24 , 11 , 7 , 26 , 26 , 29 , 4 , 8 , 24 , 16 , 21 , 11 , 25 , 14 , 2 , 14 , 8 , 25 , 11 , 2 , 14 , 10 , 11 , 3 , 5 , 30 , 31 , 17 , 17 , 9 , 5 , 0 , 30 , 5 , 28 , 29 , 25 , 0 , 20 , 24 , 22 , 22 , 20 , 30 , 14 , 5 , 5 , 14 , 30 , 28 , 19 , 21 , 23 , 13 , 29 , 15 , 9 , 
Bins: 44 , 48 , 44 , 44 , 27 , 48 , 44 , 27 , 48 , 48 , 48 , 48 , 42 , 38 , 48 , 48 , 44 , 46 , 48 , 44 , 27 , 38 , 38 , 38 , 44 , 46 , 46 , 46 , 38 , 48 , 38 , 1 , 
Cost: 416168
time: 32.466046
nImprovAfterGreedy: 78
nImprovAfterRandom: 78
nMigrate: 143636
nSwap: 117974
n: 200
m: 50
Seed: 42255
