Items: 19 , 25 , 32 , 5 , 23 , 12 , 7 , 5 , 7 , 21 , 22 , 12 , 6 , 29 , 21 , 19 , 10 , 35 , 16 , 10 , 0 , 21 , 34 , 10 , 20 , 27 , 7 , 34 , 27 , 0 , 19 , 3 , 14 , 27 , 3 , 30 , 33 , 24 , 5 , 11 , 8 , 18 , 7 , 23 , 8 , 4 , 22 , 35 , 12 , 31 , 2 , 4 , 35 , 13 , 3 , 30 , 15 , 31 , 22 , 2 , 15 , 30 , 6 , 16 , 10 , 13 , 9 , 0 , 26 , 9 , 16 , 10 , 21 , 28 , 6 , 34 , 20 , 25 , 23 , 24 , 0 , 22 , 11 , 22 , 11 , 6 , 14 , 25 , 7 , 11 , 32 , 36 , 4 , 3 , 5 , 27 , 2 , 20 , 25 , 17 , 12 , 2 , 3 , 15 , 14 , 15 , 6 , 1 , 32 , 1 , 29 , 13 , 28 , 17 , 32 , 14 , 26 , 28 , 23 , 24 , 20 , 28 , 18 , 8 , 9 , 17 , 5 , 8 , 18 , 21 , 3 , 25 , 22 , 28 , 8 , 22 , 36 , 4 , 33 , 30 , 31 , 19 , 26 , 30 , 18 , 34 , 35 , 17 , 18 , 25 , 2 , 18 , 5 , 30 , 5 , 33 , 27 , 2 , 21 , 29 , 29 , 36 , 3 , 27 , 32 , 17 , 24 , 13 , 36 , 1 , 31 , 34 , 17 , 13 , 4 , 0 , 13 , 20 , 16 , 29 , 36 , 26 , 24 , 24 , 18 , 5 , 19 , 21 , 13 , 13 , 18 , 0 , 33 , 14 , 26 , 9 , 33 , 16 , 6 , 31 , 
Bins: 37 , 0 , 37 , 37 , 14 , 42 , 23 , 11 , 37 , 13 , 37 , 4 , 17 , 49 , 37 , 13 , 37 , 37 , 48 , 23 , 37 , 38 , 23 , 7 , 23 , 42 , 32 , 13 , 19 , 13 , 37 , 13 , 15 , 37 , 37 , 11 , 37 , 
Cost: 464813
time: 41.951553
nImprovAfterGreedy: 61
nImprovAfterRandom: 61
nMigrate: 173359
nSwap: 164562
n: 200
m: 50
Seed: 23615
