Items: 26 , 29 , 29 , 8 , 20 , 19 , 16 , 7 , 16 , 7 , 18 , 34 , 15 , 18 , 11 , 9 , 9 , 29 , 22 , 16 , 29 , 7 , 22 , 1 , 29 , 31 , 11 , 25 , 33 , 17 , 2 , 9 , 24 , 32 , 6 , 32 , 20 , 31 , 7 , 33 , 1 , 21 , 6 , 31 , 21 , 15 , 26 , 30 , 18 , 5 , 5 , 13 , 24 , 13 , 30 , 25 , 25 , 19 , 8 , 23 , 11 , 25 , 8 , 14 , 18 , 5 , 16 , 28 , 12 , 17 , 23 , 11 , 30 , 8 , 13 , 27 , 10 , 4 , 20 , 17 , 27 , 4 , 8 , 18 , 33 , 11 , 2 , 4 , 9 , 4 , 2 , 0 , 26 , 12 , 7 , 6 , 27 , 19 , 17 , 34 , 14 , 27 , 17 , 25 , 9 , 24 , 13 , 33 , 26 , 32 , 3 , 23 , 11 , 3 , 34 , 2 , 19 , 23 , 31 , 31 , 5 , 3 , 12 , 1 , 15 , 34 , 33 , 4 , 14 , 24 , 30 , 12 , 30 , 15 , 1 , 21 , 0 , 26 , 28 , 28 , 15 , 3 , 26 , 6 , 8 , 27 , 30 , 21 , 33 , 10 , 32 , 6 , 10 , 28 , 8 , 12 , 7 , 19 , 7 , 3 , 14 , 0 , 9 , 19 , 10 , 34 , 22 , 23 , 0 , 23 , 27 , 19 , 2 , 24 , 7 , 22 , 16 , 29 , 14 , 14 , 0 , 5 , 31 , 7 , 18 , 6 , 28 , 26 , 9 , 15 , 21 , 22 , 32 , 11 , 21 , 18 , 20 , 25 , 13 , 32 , 
Bins: 8 , 8 , 8 , 3 , 3 , 8 , 3 , 9 , 8 , 8 , 3 , 9 , 8 , 8 , 8 , 8 , 6 , 3 , 9 , 8 , 3 , 8 , 8 , 8 , 8 , 8 , 9 , 8 , 8 , 9 , 8 , 8 , 6 , 9 , 8 , 
Cost: 467987
time: 40.705040
nImprovAfterGreedy: 57
nImprovAfterRandom: 57
nMigrate: 266130
nSwap: 165405
n: 200
m: 10
Seed: 2395
