Items: 16 , 11 , 4 , 30 , 28 , 2 , 35 , 33 , 30 , 5 , 4 , 21 , 13 , 15 , 5 , 12 , 14 , 30 , 10 , 25 , 3 , 9 , 18 , 25 , 11 , 17 , 31 , 9 , 18 , 8 , 28 , 14 , 15 , 11 , 0 , 13 , 29 , 3 , 2 , 4 , 27 , 19 , 9 , 34 , 19 , 6 , 24 , 34 , 2 , 1 , 2 , 3 , 35 , 12 , 7 , 13 , 13 , 6 , 1 , 25 , 35 , 13 , 22 , 0 , 14 , 30 , 21 , 33 , 9 , 26 , 26 , 31 , 5 , 30 , 23 , 24 , 12 , 22 , 9 , 4 , 33 , 28 , 30 , 4 , 7 , 30 , 7 , 22 , 14 , 18 , 24 , 20 , 16 , 0 , 26 , 17 , 6 , 17 , 4 , 23 , 12 , 1 , 14 , 29 , 15 , 22 , 23 , 5 , 1 , 23 , 28 , 26 , 30 , 24 , 16 , 33 , 33 , 32 , 29 , 3 , 2 , 32 , 0 , 27 , 9 , 25 , 4 , 21 , 7 , 31 , 7 , 33 , 8 , 32 , 27 , 19 , 20 , 6 , 8 , 23 , 6 , 34 , 9 , 13 , 19 , 0 , 16 , 19 , 10 , 17 , 17 , 7 , 31 , 31 , 25 , 29 , 9 , 22 , 5 , 32 , 27 , 20 , 14 , 17 , 34 , 25 , 3 , 26 , 20 , 24 , 1 , 1 , 2 , 21 , 16 , 18 , 28 , 11 , 10 , 5 , 20 , 32 , 8 , 8 , 8 , 17 , 18 , 5 , 28 , 12 , 16 , 18 , 6 , 31 , 19 , 15 , 29 , 8 , 11 , 11 , 
Bins: 8 , 8 , 8 , 8 , 9 , 9 , 8 , 8 , 8 , 9 , 1 , 6 , 8 , 8 , 8 , 3 , 9 , 8 , 8 , 8 , 8 , 8 , 3 , 8 , 3 , 8 , 8 , 8 , 8 , 8 , 9 , 8 , 8 , 8 , 3 , 2 , 
Cost: 468297
time: 35.680606
nImprovAfterGreedy: 47
nImprovAfterRandom: 47
nMigrate: 226767
nSwap: 133259
n: 200
m: 10
Seed: 48324
