Items: 8 , 9 , 3 , 1 , 5 , 7 , 2 , 9 , 1 , 6 , 3 , 12 , 9 , 7 , 6 , 8 , 10 , 8 , 7 , 7 , 9 , 6 , 9 , 10 , 0 , 1 , 8 , 8 , 1 , 1 , 2 , 6 , 11 , 1 , 0 , 1 , 10 , 3 , 2 , 5 , 10 , 7 , 12 , 6 , 0 , 5 , 3 , 6 , 7 , 11 , 4 , 8 , 2 , 5 , 6 , 1 , 1 , 7 , 0 , 4 , 2 , 1 , 2 , 0 , 3 , 5 , 12 , 8 , 12 , 4 , 4 , 6 , 8 , 1 , 2 , 5 , 4 , 9 , 0 , 6 , 8 , 2 , 1 , 3 , 5 , 12 , 3 , 9 , 10 , 3 , 3 , 3 , 7 , 0 , 4 , 10 , 12 , 12 , 3 , 9 , 
Bins: 49 , 49 , 49 , 49 , 48 , 49 , 49 , 49 , 49 , 49 , 47 , 0 , 47 , 
Cost: 88278
time: 7.172804
nImprovAfterGreedy: 27
nImprovAfterRandom: 27
nMigrate: 131458
nSwap: 116556
n: 100
m: 50
Seed: 15357
