Items: 19 , 1 , 1 , 0 , 24 , 4 , 4 , 14 , 8 , 8 , 7 , 13 , 24 , 18 , 23 , 21 , 27 , 17 , 21 , 23 , 16 , 19 , 21 , 28 , 12 , 19 , 23 , 8 , 19 , 20 , 9 , 1 , 24 , 13 , 2 , 2 , 27 , 26 , 4 , 7 , 29 , 6 , 27 , 23 , 6 , 5 , 28 , 17 , 4 , 13 , 22 , 26 , 4 , 7 , 2 , 0 , 25 , 5 , 7 , 28 , 4 , 25 , 30 , 29 , 1 , 18 , 18 , 14 , 10 , 22 , 22 , 23 , 2 , 0 , 30 , 15 , 14 , 15 , 27 , 23 , 15 , 20 , 0 , 1 , 7 , 10 , 9 , 15 , 27 , 20 , 9 , 11 , 5 , 2 , 22 , 19 , 0 , 12 , 1 , 3 , 3 , 20 , 1 , 25 , 13 , 8 , 8 , 30 , 8 , 13 , 9 , 22 , 0 , 24 , 0 , 9 , 14 , 16 , 26 , 18 , 12 , 16 , 29 , 28 , 5 , 3 , 2 , 18 , 29 , 8 , 17 , 10 , 20 , 16 , 29 , 12 , 30 , 5 , 6 , 25 , 5 , 24 , 19 , 25 , 6 , 15 , 17 , 20 , 21 , 15 , 27 , 2 , 14 , 14 , 28 , 26 , 19 , 12 , 20 , 16 , 8 , 10 , 8 , 19 , 24 , 11 , 26 , 3 , 11 , 28 , 5 , 10 , 9 , 18 , 19 , 11 , 20 , 12 , 21 , 13 , 10 , 16 , 6 , 6 , 6 , 16 , 17 , 19 , 17 , 3 , 17 , 11 , 13 , 23 , 27 , 1 , 26 , 4 , 30 , 13 , 
Bins: 9 , 9 , 9 , 8 , 9 , 9 , 8 , 9 , 9 , 8 , 9 , 8 , 8 , 8 , 8 , 8 , 9 , 9 , 9 , 9 , 9 , 8 , 8 , 9 , 8 , 8 , 8 , 9 , 8 , 8 , 9 , 
Cost: 373862
time: 30.650269
nImprovAfterGreedy: 55
nImprovAfterRandom: 55
nMigrate: 204757
nSwap: 114435
n: 200
m: 10
Seed: 57378
