Items: 19 , 1 , 8 , 13 , 28 , 3 , 20 , 5 , 22 , 13 , 19 , 12 , 28 , 25 , 15 , 8 , 23 , 29 , 25 , 23 , 15 , 12 , 25 , 23 , 6 , 12 , 11 , 7 , 12 , 8 , 8 , 13 , 17 , 12 , 2 , 2 , 26 , 15 , 3 , 30 , 9 , 23 , 12 , 11 , 26 , 5 , 23 , 11 , 3 , 10 , 4 , 15 , 20 , 30 , 15 , 22 , 7 , 3 , 30 , 23 , 11 , 27 , 0 , 16 , 13 , 19 , 5 , 24 , 21 , 16 , 19 , 11 , 11 , 13 , 18 , 19 , 5 , 24 , 21 , 15 , 24 , 15 , 13 , 27 , 30 , 12 , 28 , 1 , 11 , 15 , 27 , 27 , 3 , 2 , 14 , 12 , 29 , 6 , 1 , 18 , 18 , 0 , 13 , 7 , 17 , 19 , 28 , 4 , 5 , 18 , 27 , 14 , 25 , 4 , 4 , 26 , 10 , 14 , 6 , 10 , 9 , 14 , 29 , 28 , 18 , 7 , 2 , 12 , 16 , 4 , 11 , 28 , 11 , 14 , 9 , 19 , 14 , 5 , 26 , 18 , 5 , 27 , 21 , 22 , 24 , 30 , 11 , 22 , 8 , 1 , 23 , 2 , 3 , 3 , 23 , 29 , 12 , 1 , 22 , 14 , 9 , 0 , 13 , 13 , 27 , 7 , 16 , 22 , 10 , 7 , 10 , 10 , 4 , 22 , 19 , 24 , 22 , 6 , 25 , 10 , 28 , 21 , 26 , 26 , 26 , 30 , 8 , 5 , 22 , 22 , 10 , 24 , 9 , 0 , 20 , 17 , 29 , 5 , 1 , 12 , 
Bins: 8 , 17 , 7 , 46 , 41 , 47 , 8 , 44 , 32 , 12 , 46 , 49 , 46 , 37 , 41 , 46 , 8 , 3 , 46 , 46 , 0 , 7 , 49 , 46 , 36 , 35 , 46 , 32 , 48 , 32 , 46 , 
Cost: 417027
time: 31.393906
nImprovAfterGreedy: 44
nImprovAfterRandom: 44
nMigrate: 106302
nSwap: 117450
n: 200
m: 50
Seed: 17169
