Items: 1 , 27 , 18 , 5 , 20 , 13 , 19 , 21 , 18 , 34 , 19 , 32 , 33 , 3 , 0 , 7 , 28 , 18 , 7 , 28 , 22 , 15 , 20 , 11 , 29 , 7 , 27 , 26 , 27 , 9 , 6 , 27 , 25 , 5 , 5 , 14 , 24 , 22 , 23 , 16 , 12 , 2 , 1 , 9 , 2 , 28 , 19 , 34 , 23 , 17 , 10 , 22 , 26 , 29 , 22 , 14 , 14 , 13 , 15 , 11 , 19 , 14 , 4 , 10 , 3 , 5 , 32 , 3 , 17 , 33 , 10 , 28 , 26 , 5 , 4 , 16 , 33 , 0 , 1 , 9 , 6 , 6 , 5 , 3 , 15 , 20 , 25 , 0 , 34 , 20 , 19 , 31 , 13 , 30 , 32 , 8 , 14 , 32 , 18 , 9 , 20 , 29 , 27 , 24 , 7 , 26 , 4 , 16 , 15 , 12 , 6 , 10 , 5 , 30 , 16 , 25 , 21 , 8 , 24 , 21 , 27 , 8 , 17 , 12 , 1 , 11 , 30 , 25 , 10 , 16 , 15 , 17 , 20 , 8 , 12 , 2 , 31 , 18 , 30 , 23 , 28 , 19 , 1 , 14 , 2 , 29 , 26 , 32 , 7 , 18 , 2 , 13 , 4 , 23 , 28 , 24 , 1 , 17 , 0 , 29 , 30 , 31 , 3 , 3 , 21 , 11 , 15 , 8 , 31 , 11 , 0 , 17 , 9 , 25 , 1 , 15 , 6 , 12 , 9 , 5 , 31 , 22 , 21 , 21 , 3 , 2 , 23 , 1 , 6 , 8 , 0 , 13 , 19 , 0 , 2 , 33 , 24 , 21 , 4 , 23 , 
Bins: 9 , 9 , 6 , 9 , 6 , 9 , 6 , 6 , 6 , 6 , 6 , 6 , 6 , 6 , 6 , 6 , 9 , 6 , 9 , 9 , 6 , 6 , 6 , 6 , 6 , 6 , 6 , 6 , 6 , 6 , 3 , 6 , 6 , 6 , 1 , 
Cost: 417996
time: 35.110376
nImprovAfterGreedy: 45
nImprovAfterRandom: 45
nMigrate: 219427
nSwap: 129048
n: 200
m: 10
Seed: 87418
