Items: 14 , 7 , 7 , 6 , 1 , 23 , 8 , 9 , 6 , 10 , 4 , 3 , 25 , 19 , 1 , 14 , 21 , 28 , 19 , 15 , 20 , 10 , 20 , 18 , 26 , 10 , 8 , 2 , 10 , 4 , 28 , 16 , 19 , 10 , 5 , 6 , 1 , 20 , 23 , 5 , 18 , 11 , 21 , 18 , 11 , 9 , 6 , 13 , 23 , 27 , 29 , 21 , 25 , 7 , 16 , 22 , 22 , 10 , 4 , 29 , 8 , 22 , 15 , 5 , 19 , 6 , 3 , 22 , 28 , 0 , 0 , 1 , 14 , 6 , 24 , 12 , 9 , 1 , 1 , 4 , 14 , 15 , 6 , 4 , 16 , 25 , 30 , 7 , 21 , 4 , 30 , 27 , 23 , 5 , 14 , 10 , 17 , 26 , 4 , 24 , 3 , 12 , 16 , 22 , 3 , 25 , 24 , 15 , 6 , 24 , 28 , 0 , 13 , 25 , 17 , 30 , 22 , 8 , 13 , 20 , 26 , 2 , 18 , 12 , 9 , 29 , 15 , 8 , 5 , 25 , 16 , 29 , 15 , 2 , 18 , 26 , 27 , 9 , 11 , 24 , 9 , 8 , 10 , 17 , 11 , 12 , 15 , 17 , 19 , 7 , 16 , 5 , 23 , 17 , 6 , 13 , 10 , 7 , 21 , 2 , 0 , 27 , 9 , 10 , 18 , 25 , 20 , 6 , 27 , 29 , 12 , 12 , 30 , 0 , 21 , 20 , 28 , 26 , 19 , 3 , 27 , 2 , 11 , 11 , 11 , 26 , 14 , 9 , 28 , 28 , 21 , 2 , 3 , 1 , 17 , 0 , 13 , 8 , 7 , 7 , 
Bins: 8 , 9 , 9 , 8 , 9 , 9 , 9 , 9 , 9 , 9 , 9 , 8 , 8 , 9 , 9 , 9 , 8 , 8 , 8 , 9 , 8 , 9 , 8 , 9 , 8 , 8 , 8 , 8 , 9 , 8 , 1 , 
Cost: 390104
time: 31.807885
nImprovAfterGreedy: 51
nImprovAfterRandom: 51
nMigrate: 190595
nSwap: 121357
n: 200
m: 10
Seed: 86950
