Items: 1 , 23 , 5 , 3 , 16 , 1 , 19 , 3 , 6 , 18 , 19 , 24 , 4 , 14 , 2 , 14 , 2 , 21 , 14 , 2 , 7 , 10 , 23 , 20 , 8 , 10 , 2 , 6 , 10 , 1 , 14 , 2 , 14 , 10 , 8 , 3 , 11 , 7 , 1 , 22 , 17 , 22 , 11 , 7 , 22 , 11 , 5 , 7 , 1 , 24 , 12 , 11 , 9 , 4 , 0 , 19 , 19 , 10 , 8 , 20 , 19 , 19 , 4 , 8 , 19 , 23 , 24 , 9 , 24 , 17 , 18 , 2 , 21 , 3 , 4 , 1 , 22 , 16 , 8 , 2 , 13 , 16 , 3 , 16 , 0 , 13 , 13 , 5 , 11 , 7 , 11 , 21 , 1 , 0 , 15 , 10 , 3 , 5 , 5 , 15 , 17 , 18 , 0 , 19 , 18 , 9 , 4 , 22 , 1 , 15 , 16 , 13 , 23 , 3 , 3 , 12 , 3 , 13 , 7 , 23 , 12 , 3 , 20 , 5 , 6 , 20 , 0 , 16 , 7 , 9 , 0 , 20 , 0 , 6 , 17 , 22 , 21 , 11 , 10 , 15 , 11 , 16 , 24 , 23 , 9 , 8 , 0 , 6 , 14 , 5 , 2 , 0 , 15 , 23 , 9 , 11 , 10 , 5 , 10 , 1 , 18 , 13 , 6 , 10 , 3 , 21 , 23 , 17 , 21 , 20 , 11 , 13 , 12 , 18 , 1 , 21 , 6 , 8 , 14 , 18 , 16 , 12 , 9 , 10 , 10 , 22 , 15 , 10 , 6 , 6 , 0 , 24 , 6 , 2 , 23 , 18 , 7 , 19 , 4 , 15 , 
Bins: 49 , 49 , 49 , 49 , 36 , 36 , 49 , 49 , 49 , 14 , 49 , 49 , 36 , 36 , 49 , 49 , 36 , 27 , 36 , 49 , 36 , 45 , 36 , 49 , 36 , 
Cost: 389318
time: 29.727750
nImprovAfterGreedy: 43
nImprovAfterRandom: 43
nMigrate: 145753
nSwap: 125786
n: 200
m: 50
Seed: 74562
