Items: 5 , 14 , 17 , 10 , 4 , 1 , 2 , 13 , 8 , 2 , 2 , 15 , 16 , 12 , 12 , 5 , 9 , 8 , 12 , 0 , 13 , 7 , 13 , 8 , 17 , 10 , 5 , 8 , 8 , 11 , 7 , 5 , 5 , 15 , 14 , 10 , 4 , 9 , 3 , 6 , 11 , 0 , 9 , 3 , 14 , 1 , 8 , 3 , 1 , 7 , 16 , 9 , 3 , 6 , 9 , 10 , 2 , 1 , 17 , 0 , 2 , 10 , 7 , 4 , 2 , 16 , 14 , 13 , 7 , 16 , 16 , 1 , 5 , 10 , 4 , 6 , 0 , 12 , 4 , 11 , 13 , 7 , 10 , 2 , 6 , 12 , 11 , 12 , 9 , 11 , 8 , 14 , 1 , 14 , 15 , 8 , 0 , 15 , 11 , 15 , 
Bins: 8 , 8 , 9 , 3 , 8 , 8 , 8 , 8 , 9 , 8 , 8 , 8 , 9 , 8 , 8 , 8 , 8 , 1 , 
Cost: 115007
time: 8.983121
nImprovAfterGreedy: 25
nImprovAfterRandom: 25
nMigrate: 201877
nSwap: 122441
n: 100
m: 10
Seed: 25474
