Items: 22 , 7 , 7 , 31 , 18 , 3 , 10 , 32 , 10 , 15 , 13 , 25 , 20 , 13 , 5 , 0 , 15 , 31 , 23 , 33 , 4 , 6 , 21 , 33 , 12 , 25 , 0 , 23 , 21 , 8 , 29 , 15 , 23 , 25 , 9 , 26 , 6 , 4 , 32 , 31 , 6 , 16 , 5 , 12 , 16 , 3 , 14 , 18 , 13 , 17 , 14 , 4 , 18 , 3 , 15 , 26 , 19 , 3 , 12 , 33 , 10 , 19 , 0 , 2 , 13 , 25 , 10 , 1 , 30 , 8 , 14 , 3 , 0 , 31 , 11 , 24 , 16 , 5 , 12 , 8 , 9 , 29 , 31 , 13 , 31 , 19 , 18 , 5 , 27 , 5 , 7 , 7 , 22 , 30 , 14 , 28 , 7 , 24 , 8 , 28 , 6 , 24 , 15 , 11 , 25 , 23 , 11 , 16 , 22 , 25 , 26 , 34 , 28 , 26 , 22 , 0 , 1 , 2 , 34 , 26 , 14 , 20 , 28 , 20 , 22 , 33 , 31 , 29 , 2 , 5 , 18 , 17 , 0 , 20 , 2 , 24 , 34 , 22 , 6 , 28 , 3 , 26 , 12 , 19 , 30 , 9 , 27 , 1 , 21 , 17 , 15 , 27 , 1 , 1 , 33 , 30 , 22 , 17 , 5 , 8 , 2 , 9 , 16 , 27 , 32 , 33 , 4 , 14 , 34 , 34 , 24 , 24 , 7 , 19 , 27 , 21 , 10 , 11 , 23 , 9 , 17 , 4 , 32 , 32 , 13 , 16 , 18 , 5 , 27 , 20 , 27 , 21 , 6 , 8 , 1 , 13 , 30 , 32 , 11 , 29 , 
Bins: 8 , 8 , 8 , 8 , 8 , 9 , 8 , 8 , 8 , 8 , 6 , 8 , 8 , 9 , 8 , 8 , 8 , 3 , 8 , 8 , 8 , 8 , 9 , 8 , 8 , 8 , 8 , 6 , 8 , 3 , 8 , 9 , 3 , 8 , 8 , 
Cost: 467500
time: 42.388844
nImprovAfterGreedy: 51
nImprovAfterRandom: 51
nMigrate: 278991
nSwap: 182539
n: 200
m: 10
Seed: 14809
