Items: 3 , 8 , 2 , 4 , 7 , 9 , 1 , 8 , 4 , 0 , 2 , 5 , 11 , 3 , 0 , 3 , 10 , 11 , 3 , 0 , 8 , 8 , 3 , 10 , 6 , 4 , 0 , 5 , 4 , 4 , 1 , 0 , 0 , 4 , 6 , 4 , 6 , 2 , 1 , 7 , 10 , 11 , 6 , 0 , 11 , 7 , 2 , 8 , 9 , 10 , 11 , 12 , 1 , 7 , 12 , 4 , 4 , 9 , 12 , 12 , 1 , 4 , 1 , 6 , 2 , 7 , 5 , 8 , 5 , 11 , 5 , 0 , 3 , 4 , 1 , 7 , 8 , 6 , 6 , 0 , 8 , 8 , 4 , 2 , 7 , 5 , 2 , 1 , 10 , 2 , 2 , 2 , 9 , 9 , 5 , 10 , 9 , 5 , 2 , 6 , 
Bins: 19 , 19 , 19 , 18 , 19 , 19 , 19 , 19 , 19 , 8 , 8 , 11 , 3 , 
Cost: 99736
time: 8.028587
nImprovAfterGreedy: 20
nImprovAfterRandom: 20
nMigrate: 205305
nSwap: 146089
n: 100
m: 20
Seed: 9158
