Items: 2 , 13 , 13 , 0 , 16 , 4 , 15 , 5 , 0 , 0 , 1 , 15 , 16 , 9 , 8 , 2 , 11 , 0 , 9 , 17 , 13 , 14 , 9 , 11 , 10 , 14 , 2 , 14 , 14 , 1 , 12 , 11 , 11 , 8 , 10 , 14 , 8 , 13 , 12 , 16 , 17 , 6 , 8 , 17 , 6 , 5 , 11 , 4 , 3 , 6 , 7 , 3 , 12 , 5 , 3 , 14 , 14 , 4 , 1 , 7 , 12 , 6 , 6 , 10 , 0 , 0 , 15 , 2 , 6 , 7 , 9 , 17 , 4 , 0 , 12 , 16 , 5 , 8 , 10 , 1 , 2 , 7 , 0 , 1 , 16 , 8 , 1 , 8 , 1 , 1 , 11 , 13 , 3 , 10 , 15 , 4 , 7 , 9 , 1 , 5 , 
Bins: 18 , 19 , 15 , 10 , 15 , 15 , 15 , 15 , 18 , 15 , 15 , 15 , 15 , 15 , 15 , 15 , 15 , 4 , 
Cost: 115065
time: 8.956446
nImprovAfterGreedy: 39
nImprovAfterRandom: 39
nMigrate: 151241
nSwap: 119063
n: 100
m: 20
Seed: 59710
