Items: 0 , 3 , 5 , 1 , 4 , 8 , 9 , 3 , 1 , 10 , 5 , 11 , 8 , 0 , 2 , 0 , 10 , 2 , 0 , 2 , 3 , 6 , 3 , 10 , 7 , 6 , 2 , 6 , 6 , 1 , 0 , 2 , 10 , 6 , 7 , 1 , 7 , 5 , 1 , 4 , 7 , 8 , 9 , 2 , 8 , 4 , 5 , 6 , 8 , 10 , 0 , 9 , 9 , 4 , 12 , 1 , 6 , 6 , 7 , 12 , 5 , 1 , 1 , 7 , 4 , 1 , 9 , 9 , 9 , 2 , 11 , 2 , 6 , 1 , 0 , 3 , 4 , 3 , 7 , 2 , 3 , 3 , 1 , 5 , 4 , 9 , 5 , 3 , 9 , 5 , 5 , 5 , 8 , 12 , 11 , 6 , 12 , 11 , 5 , 11 , 
Bins: 19 , 19 , 19 , 19 , 19 , 19 , 19 , 19 , 8 , 19 , 8 , 11 , 2 , 
Cost: 100021
time: 8.304859
nImprovAfterGreedy: 33
nImprovAfterRandom: 33
nMigrate: 211974
nSwap: 158110
n: 100
m: 20
Seed: 99844
