Items: 27 , 14 , 23 , 2 , 21 , 17 , 7 , 21 , 16 , 28 , 18 , 9 , 21 , 10 , 22 , 10 , 13 , 14 , 30 , 19 , 28 , 3 , 28 , 13 , 14 , 3 , 27 , 3 , 3 , 9 , 15 , 23 , 10 , 3 , 2 , 2 , 3 , 25 , 0 , 26 , 4 , 27 , 9 , 27 , 27 , 16 , 12 , 28 , 0 , 5 , 29 , 23 , 6 , 17 , 23 , 9 , 9 , 17 , 18 , 12 , 23 , 24 , 20 , 4 , 20 , 26 , 16 , 6 , 5 , 8 , 8 , 11 , 22 , 20 , 20 , 1 , 8 , 22 , 5 , 9 , 1 , 19 , 29 , 18 , 26 , 6 , 15 , 12 , 13 , 19 , 15 , 24 , 16 , 2 , 0 , 3 , 29 , 11 , 22 , 11 , 8 , 28 , 23 , 9 , 10 , 6 , 17 , 22 , 16 , 0 , 15 , 29 , 25 , 21 , 11 , 15 , 26 , 27 , 25 , 2 , 14 , 5 , 4 , 12 , 16 , 11 , 2 , 27 , 4 , 6 , 12 , 26 , 17 , 20 , 4 , 1 , 20 , 16 , 7 , 31 , 16 , 21 , 5 , 19 , 6 , 1 , 28 , 19 , 30 , 0 , 12 , 2 , 0 , 7 , 12 , 25 , 3 , 12 , 19 , 5 , 24 , 13 , 13 , 3 , 21 , 6 , 2 , 31 , 24 , 29 , 1 , 1 , 15 , 10 , 25 , 24 , 19 , 14 , 30 , 8 , 26 , 5 , 7 , 7 , 3 , 11 , 14 , 13 , 19 , 17 , 28 , 31 , 23 , 10 , 19 , 8 , 25 , 7 , 23 , 23 , 
Bins: 9 , 7 , 9 , 9 , 7 , 9 , 7 , 7 , 7 , 7 , 9 , 7 , 7 , 9 , 9 , 7 , 9 , 7 , 0 , 9 , 7 , 7 , 8 , 7 , 2 , 9 , 9 , 7 , 9 , 7 , 0 , 1 , 
Cost: 419812
time: 37.963215
nImprovAfterGreedy: 42
nImprovAfterRandom: 42
nMigrate: 237504
nSwap: 171564
n: 200
m: 10
Seed: 29518
