Items: 13 , 0 , 3 , 1 , 9 , 8 , 17 , 1 , 3 , 0 , 3 , 2 , 15 , 4 , 5 , 15 , 6 , 10 , 4 , 11 , 0 , 7 , 13 , 6 , 10 , 7 , 11 , 7 , 7 , 10 , 12 , 6 , 6 , 2 , 14 , 7 , 14 , 0 , 12 , 3 , 4 , 11 , 10 , 13 , 11 , 8 , 3 , 13 , 8 , 6 , 4 , 10 , 12 , 16 , 9 , 7 , 7 , 8 , 10 , 1 , 12 , 11 , 11 , 14 , 17 , 1 , 17 , 16 , 10 , 15 , 1 , 8 , 13 , 5 , 12 , 16 , 15 , 5 , 14 , 3 , 16 , 16 , 1 , 3 , 9 , 5 , 9 , 5 , 10 , 9 , 9 , 0 , 8 , 0 , 2 , 14 , 1 , 2 , 3 , 2 , 
Bins: 11 , 7 , 11 , 18 , 11 , 12 , 7 , 11 , 11 , 11 , 19 , 11 , 11 , 11 , 11 , 6 , 11 , 5 , 
Cost: 113797
time: 9.295022
nImprovAfterGreedy: 32
nImprovAfterRandom: 32
nMigrate: 159993
nSwap: 132761
n: 100
m: 20
Seed: 89270
