Items: 18 , 21 , 19 , 7 , 28 , 3 , 25 , 32 , 22 , 15 , 14 , 8 , 13 , 20 , 27 , 19 , 1 , 22 , 34 , 20 , 27 , 33 , 34 , 33 , 30 , 8 , 1 , 14 , 33 , 28 , 34 , 1 , 29 , 8 , 10 , 20 , 28 , 23 , 16 , 33 , 1 , 4 , 28 , 0 , 4 , 32 , 22 , 3 , 5 , 12 , 5 , 23 , 2 , 30 , 9 , 29 , 25 , 3 , 7 , 9 , 25 , 8 , 7 , 11 , 25 , 13 , 16 , 32 , 12 , 13 , 21 , 3 , 16 , 7 , 23 , 14 , 30 , 27 , 28 , 33 , 14 , 9 , 7 , 25 , 26 , 6 , 26 , 27 , 1 , 9 , 22 , 31 , 18 , 29 , 2 , 33 , 9 , 3 , 13 , 32 , 11 , 0 , 1 , 28 , 8 , 2 , 23 , 6 , 18 , 8 , 22 , 5 , 33 , 29 , 18 , 21 , 21 , 17 , 10 , 6 , 21 , 17 , 11 , 19 , 18 , 2 , 16 , 0 , 11 , 6 , 23 , 26 , 24 , 17 , 4 , 4 , 31 , 18 , 24 , 32 , 3 , 0 , 12 , 20 , 7 , 14 , 6 , 4 , 29 , 26 , 15 , 6 , 30 , 32 , 7 , 10 , 18 , 12 , 16 , 17 , 11 , 0 , 25 , 15 , 19 , 2 , 34 , 5 , 31 , 5 , 27 , 14 , 15 , 20 , 15 , 31 , 22 , 21 , 29 , 11 , 26 , 12 , 24 , 24 , 24 , 17 , 19 , 16 , 22 , 17 , 6 , 31 , 9 , 27 , 4 , 13 , 10 , 24 , 23 , 15 , 
Bins: 8 , 8 , 8 , 8 , 8 , 8 , 9 , 8 , 8 , 8 , 5 , 8 , 8 , 8 , 8 , 6 , 9 , 8 , 9 , 8 , 6 , 8 , 6 , 8 , 8 , 9 , 8 , 9 , 8 , 8 , 8 , 8 , 8 , 9 , 8 , 
Cost: 420011
time: 33.977637
nImprovAfterGreedy: 57
nImprovAfterRandom: 57
nMigrate: 203242
nSwap: 116962
n: 200
m: 10
Seed: 7381
