Items: 8 , 3 , 0 , 0 , 2 , 7 , 7 , 14 , 0 , 1 , 5 , 11 , 15 , 10 , 2 , 0 , 1 , 0 , 10 , 13 , 14 , 3 , 8 , 3 , 5 , 3 , 13 , 8 , 3 , 4 , 6 , 1 , 1 , 3 , 9 , 10 , 2 , 14 , 7 , 12 , 13 , 13 , 3 , 13 , 9 , 0 , 1 , 13 , 7 , 9 , 10 , 14 , 6 , 12 , 4 , 1 , 1 , 7 , 5 , 4 , 6 , 8 , 6 , 5 , 12 , 15 , 9 , 14 , 9 , 15 , 11 , 2 , 8 , 12 , 6 , 12 , 14 , 2 , 2 , 4 , 8 , 4 , 0 , 5 , 12 , 2 , 4 , 15 , 3 , 4 , 0 , 0 , 7 , 9 , 11 , 3 , 10 , 11 , 5 , 11 , 
Bins: 9 , 8 , 9 , 9 , 8 , 9 , 8 , 9 , 9 , 8 , 9 , 8 , 9 , 8 , 8 , 2 , 
Cost: 100038
time: 7.677176
nImprovAfterGreedy: 28
nImprovAfterRandom: 28
nMigrate: 181605
nSwap: 112337
n: 100
m: 10
Seed: 72336
