Items: 21 , 29 , 11 , 2 , 5 , 21 , 20 , 4 , 2 , 24 , 7 , 18 , 9 , 19 , 5 , 19 , 13 , 12 , 19 , 7 , 14 , 8 , 14 , 13 , 7 , 0 , 10 , 1 , 0 , 19 , 18 , 24 , 10 , 0 , 2 , 2 , 5 , 14 , 4 , 22 , 30 , 28 , 5 , 10 , 28 , 4 , 12 , 1 , 25 , 26 , 27 , 16 , 1 , 9 , 3 , 2 , 16 , 6 , 7 , 3 , 16 , 16 , 26 , 30 , 24 , 22 , 21 , 0 , 26 , 9 , 19 , 13 , 1 , 22 , 14 , 8 , 17 , 5 , 5 , 7 , 8 , 3 , 2 , 11 , 22 , 6 , 3 , 5 , 13 , 3 , 11 , 11 , 25 , 2 , 20 , 0 , 29 , 29 , 12 , 20 , 23 , 8 , 24 , 16 , 0 , 1 , 9 , 23 , 21 , 16 , 11 , 19 , 6 , 11 , 21 , 29 , 17 , 20 , 10 , 17 , 27 , 21 , 15 , 12 , 18 , 20 , 2 , 10 , 15 , 6 , 3 , 22 , 1 , 25 , 30 , 28 , 26 , 4 , 23 , 23 , 4 , 10 , 26 , 6 , 15 , 8 , 1 , 28 , 24 , 12 , 29 , 6 , 17 , 6 , 15 , 15 , 4 , 3 , 4 , 21 , 30 , 13 , 24 , 0 , 11 , 20 , 14 , 25 , 26 , 12 , 8 , 8 , 11 , 6 , 21 , 14 , 18 , 7 , 24 , 0 , 22 , 27 , 17 , 4 , 24 , 23 , 18 , 4 , 18 , 25 , 28 , 27 , 2 , 13 , 28 , 9 , 15 , 4 , 3 , 18 , 
Bins: 6 , 9 , 9 , 6 , 9 , 9 , 9 , 9 , 6 , 6 , 6 , 6 , 9 , 9 , 6 , 6 , 6 , 6 , 9 , 6 , 9 , 9 , 9 , 6 , 9 , 6 , 6 , 6 , 6 , 6 , 1 , 
Cost: 394396
time: 33.482023
nImprovAfterGreedy: 52
nImprovAfterRandom: 52
nMigrate: 244090
nSwap: 133447
n: 200
m: 10
Seed: 25419
