Items: 9 , 6 , 2 , 3 , 5 , 4 , 26 , 21 , 29 , 0 , 10 , 12 , 28 , 8 , 16 , 13 , 23 , 15 , 28 , 23 , 2 , 1 , 28 , 1 , 22 , 13 , 13 , 4 , 1 , 7 , 15 , 23 , 23 , 17 , 3 , 3 , 30 , 2 , 9 , 19 , 14 , 24 , 27 , 16 , 24 , 17 , 23 , 4 , 8 , 10 , 9 , 2 , 26 , 6 , 2 , 29 , 27 , 1 , 10 , 27 , 2 , 5 , 29 , 14 , 26 , 9 , 12 , 17 , 15 , 8 , 21 , 16 , 18 , 25 , 25 , 5 , 18 , 16 , 5 , 16 , 11 , 15 , 29 , 10 , 19 , 12 , 11 , 6 , 1 , 30 , 1 , 10 , 28 , 3 , 26 , 1 , 27 , 22 , 6 , 17 , 12 , 0 , 0 , 17 , 13 , 4 , 4 , 18 , 9 , 2 , 15 , 8 , 25 , 0 , 25 , 11 , 21 , 7 , 30 , 3 , 22 , 7 , 19 , 5 , 12 , 26 , 3 , 12 , 19 , 18 , 20 , 16 , 4 , 7 , 14 , 22 , 18 , 18 , 24 , 17 , 13 , 0 , 25 , 27 , 29 , 5 , 4 , 29 , 20 , 6 , 23 , 3 , 21 , 21 , 23 , 30 , 1 , 6 , 0 , 7 , 14 , 19 , 22 , 1 , 21 , 26 , 3 , 29 , 20 , 27 , 13 , 11 , 11 , 8 , 1 , 20 , 15 , 22 , 28 , 9 , 16 , 9 , 24 , 24 , 24 , 7 , 20 , 18 , 15 , 7 , 0 , 20 , 0 , 13 , 21 , 8 , 30 , 24 , 6 , 6 , 
Bins: 9 , 9 , 6 , 9 , 9 , 6 , 9 , 6 , 9 , 9 , 6 , 6 , 6 , 6 , 1 , 9 , 9 , 6 , 9 , 9 , 6 , 6 , 6 , 6 , 6 , 8 , 9 , 6 , 6 , 6 , 6 , 
Cost: 394504
time: 32.770714
nImprovAfterGreedy: 35
nImprovAfterRandom: 35
nMigrate: 221461
nSwap: 131935
n: 200
m: 10
Seed: 84215
