Items: 12 , 15 , 8 , 2 , 13 , 3 , 2 , 2 , 2 , 7 , 5 , 17 , 18 , 14 , 10 , 8 , 18 , 5 , 14 , 14 , 16 , 1 , 12 , 18 , 5 , 13 , 12 , 1 , 13 , 5 , 6 , 7 , 7 , 4 , 1 , 0 , 1 , 16 , 12 , 13 , 14 , 11 , 2 , 10 , 11 , 3 , 7 , 12 , 3 , 11 , 9 , 16 , 6 , 15 , 7 , 0 , 0 , 3 , 5 , 6 , 6 , 0 , 6 , 8 , 15 , 2 , 17 , 16 , 11 , 9 , 9 , 3 , 8 , 0 , 9 , 13 , 15 , 10 , 1 , 10 , 1 , 10 , 2 , 5 , 13 , 2 , 7 , 17 , 4 , 5 , 4 , 11 , 3 , 11 , 9 , 4 , 15 , 4 , 5 , 4 , 
Bins: 4 , 12 , 18 , 15 , 15 , 19 , 15 , 15 , 4 , 15 , 10 , 15 , 15 , 15 , 15 , 15 , 15 , 4 , 0 , 
Cost: 139850
time: 8.782410
nImprovAfterGreedy: 23
nImprovAfterRandom: 23
nMigrate: 144067
nSwap: 114780
n: 100
m: 20
Seed: 36094
