Items: 9 , 0 , 3 , 4 , 2 , 1 , 5 , 0 , 4 , 6 , 3 , 8 , 11 , 9 , 2 , 9 , 6 , 11 , 9 , 9 , 0 , 4 , 0 , 6 , 7 , 4 , 9 , 4 , 4 , 3 , 5 , 6 , 6 , 0 , 7 , 4 , 2 , 3 , 5 , 12 , 9 , 11 , 0 , 2 , 11 , 0 , 6 , 1 , 1 , 7 , 1 , 11 , 5 , 12 , 10 , 4 , 4 , 1 , 7 , 10 , 5 , 11 , 5 , 7 , 6 , 12 , 3 , 0 , 11 , 8 , 8 , 2 , 9 , 4 , 5 , 6 , 8 , 2 , 2 , 3 , 0 , 5 , 4 , 3 , 12 , 2 , 10 , 0 , 6 , 3 , 3 , 3 , 1 , 7 , 8 , 4 , 10 , 8 , 3 , 2 , 
Bins: 49 , 46 , 49 , 49 , 49 , 49 , 49 , 46 , 48 , 49 , 12 , 46 , 34 , 
Cost: 96833
time: 7.324566
nImprovAfterGreedy: 34
nImprovAfterRandom: 34
nMigrate: 126546
nSwap: 121101
n: 100
m: 50
Seed: 14701
