Items: 13 , 14 , 3 , 22 , 27 , 7 , 20 , 22 , 20 , 3 , 9 , 30 , 18 , 9 , 5 , 13 , 31 , 6 , 10 , 34 , 32 , 25 , 33 , 31 , 14 , 13 , 17 , 26 , 12 , 3 , 13 , 3 , 0 , 5 , 0 , 0 , 5 , 15 , 22 , 17 , 16 , 28 , 5 , 4 , 28 , 11 , 19 , 26 , 9 , 25 , 7 , 15 , 33 , 14 , 3 , 0 , 34 , 11 , 14 , 19 , 20 , 34 , 25 , 10 , 9 , 1 , 1 , 30 , 1 , 27 , 16 , 11 , 26 , 12 , 15 , 17 , 8 , 5 , 4 , 3 , 4 , 25 , 23 , 9 , 12 , 27 , 2 , 5 , 1 , 5 , 6 , 6 , 29 , 0 , 22 , 8 , 23 , 23 , 19 , 31 , 27 , 23 , 3 , 34 , 30 , 26 , 15 , 29 , 23 , 20 , 6 , 27 , 17 , 0 , 29 , 2 , 7 , 22 , 18 , 24 , 7 , 20 , 21 , 19 , 29 , 31 , 22 , 2 , 21 , 17 , 21 , 33 , 27 , 32 , 16 , 28 , 18 , 29 , 32 , 31 , 11 , 2 , 25 , 24 , 21 , 4 , 26 , 28 , 10 , 28 , 23 , 18 , 8 , 25 , 14 , 21 , 29 , 7 , 22 , 20 , 16 , 23 , 30 , 23 , 6 , 12 , 24 , 1 , 18 , 19 , 11 , 11 , 6 , 14 , 17 , 12 , 1 , 14 , 10 , 30 , 33 , 7 , 24 , 24 , 9 , 28 , 13 , 8 , 1 , 1 , 18 , 12 , 20 , 2 , 28 , 9 , 21 , 22 , 15 , 13 , 
Bins: 11 , 19 , 11 , 11 , 6 , 18 , 11 , 11 , 8 , 18 , 11 , 11 , 11 , 11 , 19 , 11 , 3 , 18 , 11 , 11 , 18 , 11 , 18 , 19 , 7 , 7 , 11 , 11 , 7 , 18 , 7 , 7 , 2 , 11 , 11 , 
Cost: 417046
time: 34.308532
nImprovAfterGreedy: 64
nImprovAfterRandom: 64
nMigrate: 180754
nSwap: 120875
n: 200
m: 20
Seed: 61321
