Items: 0 , 15 , 0 , 11 , 0 , 16 , 3 , 16 , 11 , 5 , 1 , 3 , 13 , 2 , 7 , 2 , 10 , 22 , 2 , 10 , 23 , 8 , 23 , 10 , 1 , 8 , 7 , 4 , 8 , 17 , 9 , 7 , 2 , 8 , 11 , 11 , 17 , 18 , 16 , 12 , 5 , 22 , 17 , 7 , 22 , 13 , 10 , 4 , 16 , 6 , 1 , 17 , 4 , 12 , 7 , 11 , 20 , 13 , 1 , 10 , 9 , 20 , 6 , 1 , 12 , 6 , 21 , 4 , 17 , 24 , 24 , 7 , 4 , 12 , 18 , 0 , 24 , 14 , 0 , 7 , 13 , 19 , 11 , 1 , 12 , 8 , 9 , 14 , 8 , 19 , 9 , 22 , 13 , 11 , 3 , 8 , 11 , 15 , 9 , 3 , 1 , 19 , 5 , 20 , 2 , 4 , 13 , 9 , 16 , 3 , 19 , 24 , 7 , 11 , 0 , 9 , 16 , 21 , 22 , 18 , 15 , 21 , 12 , 5 , 13 , 3 , 11 , 8 , 12 , 16 , 12 , 14 , 4 , 21 , 5 , 15 , 22 , 13 , 18 , 20 , 13 , 5 , 0 , 20 , 19 , 0 , 4 , 19 , 2 , 14 , 10 , 11 , 16 , 14 , 10 , 17 , 8 , 10 , 19 , 21 , 5 , 14 , 10 , 8 , 16 , 3 , 18 , 21 , 22 , 14 , 6 , 6 , 9 , 8 , 0 , 23 , 19 , 15 , 2 , 19 , 14 , 17 , 18 , 18 , 18 , 15 , 23 , 10 , 19 , 21 , 22 , 23 , 5 , 7 , 19 , 24 , 17 , 16 , 6 , 8 , 
Bins: 19 , 19 , 19 , 19 , 19 , 19 , 16 , 19 , 19 , 19 , 19 , 19 , 19 , 19 , 19 , 15 , 19 , 19 , 19 , 19 , 15 , 17 , 19 , 15 , 15 , 
Cost: 382755
time: 32.684415
nImprovAfterGreedy: 39
nImprovAfterRandom: 39
nMigrate: 211294
nSwap: 152456
n: 200
m: 20
Seed: 19832
