Items: 1 , 2 , 9 , 0 , 13 , 7 , 7 , 0 , 0 , 2 , 15 , 12 , 14 , 4 , 13 , 1 , 3 , 14 , 4 , 5 , 2 , 2 , 2 , 3 , 15 , 12 , 5 , 1 , 3 , 0 , 6 , 5 , 4 , 12 , 4 , 0 , 13 , 10 , 7 , 8 , 5 , 14 , 0 , 5 , 14 , 0 , 11 , 2 , 7 , 9 , 14 , 10 , 6 , 8 , 10 , 12 , 12 , 7 , 15 , 10 , 6 , 12 , 6 , 15 , 3 , 8 , 9 , 1 , 9 , 14 , 11 , 5 , 1 , 12 , 6 , 8 , 11 , 13 , 13 , 5 , 1 , 10 , 0 , 15 , 8 , 13 , 9 , 2 , 3 , 10 , 9 , 9 , 7 , 4 , 11 , 3 , 0 , 11 , 15 , 11 , 
Bins: 9 , 9 , 9 , 9 , 9 , 8 , 8 , 9 , 9 , 8 , 8 , 8 , 8 , 9 , 8 , 9 , 
Cost: 91988
time: 6.892148
nImprovAfterGreedy: 23
nImprovAfterRandom: 23
nMigrate: 162096
nSwap: 86841
n: 100
m: 10
Seed: 96988
