Items: 0 , 15 , 11 , 2 , 3 , 22 , 26 , 1 , 2 , 9 , 17 , 18 , 8 , 22 , 25 , 11 , 9 , 6 , 29 , 10 , 22 , 4 , 15 , 31 , 15 , 11 , 5 , 17 , 12 , 4 , 11 , 5 , 24 , 12 , 2 , 2 , 3 , 27 , 21 , 17 , 7 , 23 , 12 , 24 , 26 , 12 , 6 , 24 , 22 , 4 , 16 , 16 , 5 , 15 , 24 , 2 , 25 , 12 , 13 , 31 , 11 , 10 , 10 , 13 , 26 , 23 , 18 , 1 , 3 , 8 , 8 , 14 , 25 , 10 , 16 , 17 , 1 , 25 , 3 , 4 , 17 , 4 , 2 , 17 , 13 , 5 , 7 , 9 , 31 , 9 , 12 , 21 , 22 , 2 , 20 , 12 , 20 , 20 , 6 , 12 , 13 , 23 , 0 , 30 , 18 , 5 , 16 , 25 , 20 , 11 , 18 , 19 , 30 , 14 , 20 , 26 , 1 , 19 , 24 , 14 , 25 , 19 , 28 , 6 , 12 , 30 , 2 , 23 , 28 , 5 , 0 , 14 , 5 , 19 , 7 , 23 , 21 , 20 , 27 , 10 , 11 , 32 , 3 , 10 , 28 , 17 , 22 , 18 , 29 , 6 , 0 , 2 , 1 , 1 , 28 , 28 , 12 , 9 , 9 , 4 , 7 , 32 , 9 , 9 , 24 , 30 , 27 , 19 , 21 , 6 , 4 , 16 , 26 , 23 , 0 , 21 , 18 , 15 , 29 , 2 , 26 , 3 , 27 , 27 , 27 , 0 , 0 , 9 , 18 , 19 , 0 , 21 , 7 , 4 , 15 , 8 , 28 , 5 , 16 , 11 , 
Bins: 9 , 7 , 9 , 9 , 9 , 7 , 9 , 2 , 2 , 9 , 7 , 7 , 9 , 7 , 1 , 9 , 7 , 9 , 7 , 7 , 9 , 7 , 6 , 7 , 7 , 9 , 9 , 7 , 7 , 0 , 1 , 0 , 0 , 
Cost: 419738
time: 40.835115
nImprovAfterGreedy: 37
nImprovAfterRandom: 37
nMigrate: 244647
nSwap: 190557
n: 200
m: 10
Seed: 22064
