Items: 21 , 8 , 31 , 2 , 10 , 28 , 2 , 5 , 31 , 12 , 2 , 18 , 0 , 22 , 8 , 22 , 17 , 31 , 22 , 18 , 11 , 8 , 16 , 27 , 26 , 34 , 1 , 12 , 27 , 29 , 14 , 17 , 34 , 30 , 7 , 7 , 35 , 11 , 23 , 20 , 19 , 25 , 5 , 1 , 25 , 5 , 17 , 1 , 22 , 9 , 28 , 11 , 32 , 20 , 29 , 15 , 15 , 5 , 27 , 17 , 14 , 30 , 9 , 33 , 2 , 13 , 4 , 3 , 24 , 0 , 4 , 1 , 12 , 13 , 10 , 10 , 0 , 8 , 10 , 13 , 3 , 29 , 15 , 2 , 20 , 13 , 19 , 8 , 27 , 29 , 14 , 25 , 21 , 7 , 32 , 27 , 5 , 26 , 31 , 23 , 29 , 4 , 17 , 30 , 34 , 32 , 20 , 14 , 21 , 30 , 23 , 3 , 13 , 28 , 21 , 3 , 28 , 6 , 1 , 28 , 26 , 6 , 33 , 15 , 21 , 32 , 2 , 4 , 33 , 12 , 34 , 19 , 29 , 6 , 19 , 26 , 25 , 21 , 24 , 23 , 5 , 2 , 10 , 7 , 16 , 35 , 12 , 18 , 33 , 31 , 17 , 7 , 30 , 9 , 17 , 16 , 21 , 9 , 12 , 6 , 33 , 34 , 26 , 27 , 5 , 32 , 11 , 19 , 25 , 15 , 8 , 13 , 14 , 4 , 12 , 3 , 18 , 26 , 22 , 29 , 31 , 11 , 24 , 24 , 24 , 6 , 23 , 12 , 18 , 6 , 25 , 16 , 34 , 8 , 28 , 0 , 16 , 24 , 9 , 9 , 
Bins: 6 , 6 , 9 , 6 , 6 , 6 , 6 , 6 , 9 , 3 , 6 , 6 , 9 , 5 , 6 , 6 , 6 , 6 , 6 , 6 , 6 , 9 , 6 , 6 , 6 , 6 , 6 , 6 , 6 , 6 , 6 , 9 , 6 , 6 , 6 , 0 , 
Cost: 418513
time: 32.183027
nImprovAfterGreedy: 55
nImprovAfterRandom: 55
nMigrate: 179791
nSwap: 107283
n: 200
m: 10
Seed: 9096
