Items: 31 , 11 , 5 , 27 , 1 , 3 , 2 , 7 , 24 , 27 , 28 , 26 , 13 , 4 , 23 , 31 , 5 , 11 , 7 , 14 , 10 , 15 , 10 , 5 , 11 , 31 , 15 , 30 , 0 , 19 , 31 , 27 , 8 , 0 , 6 , 4 , 19 , 23 , 7 , 20 , 29 , 13 , 19 , 6 , 13 , 14 , 5 , 25 , 3 , 15 , 4 , 19 , 10 , 20 , 23 , 9 , 17 , 14 , 28 , 5 , 17 , 30 , 18 , 26 , 2 , 27 , 24 , 10 , 7 , 32 , 28 , 14 , 23 , 27 , 18 , 30 , 32 , 21 , 30 , 9 , 23 , 9 , 12 , 28 , 20 , 1 , 28 , 21 , 19 , 23 , 19 , 12 , 3 , 6 , 2 , 0 , 11 , 11 , 21 , 0 , 26 , 30 , 27 , 17 , 8 , 3 , 20 , 22 , 2 , 23 , 10 , 4 , 27 , 4 , 25 , 13 , 4 , 16 , 11 , 22 , 11 , 16 , 6 , 29 , 14 , 0 , 2 , 13 , 26 , 15 , 6 , 1 , 3 , 16 , 29 , 5 , 12 , 2 , 28 , 25 , 14 , 1 , 18 , 22 , 24 , 30 , 3 , 9 , 8 , 21 , 16 , 22 , 18 , 9 , 5 , 29 , 7 , 21 , 9 , 16 , 12 , 1 , 27 , 16 , 7 , 4 , 22 , 24 , 12 , 19 , 15 , 15 , 19 , 24 , 25 , 12 , 24 , 11 , 7 , 23 , 1 , 21 , 22 , 14 , 13 , 7 , 31 , 14 , 24 , 24 , 16 , 8 , 9 , 15 , 9 , 32 , 6 , 7 , 18 , 31 , 
Bins: 9 , 44 , 45 , 26 , 48 , 26 , 27 , 48 , 24 , 26 , 26 , 49 , 26 , 27 , 48 , 26 , 48 , 3 , 24 , 48 , 27 , 44 , 44 , 48 , 48 , 27 , 24 , 44 , 27 , 19 , 27 , 27 , 10 , 
Cost: 415668
time: 34.251279
nImprovAfterGreedy: 76
nImprovAfterRandom: 76
nMigrate: 149854
nSwap: 127441
n: 200
m: 50
Seed: 44074
