Items: 13 , 8 , 8 , 4 , 3 , 5 , 2 , 12 , 16 , 4 , 16 , 1 , 12 , 9 , 14 , 13 , 14 , 0 , 9 , 18 , 12 , 13 , 12 , 2 , 1 , 13 , 13 , 13 , 7 , 16 , 15 , 14 , 14 , 6 , 4 , 17 , 3 , 18 , 5 , 16 , 10 , 17 , 6 , 18 , 17 , 6 , 16 , 5 , 5 , 14 , 5 , 7 , 15 , 8 , 7 , 1 , 1 , 6 , 7 , 9 , 15 , 1 , 17 , 10 , 2 , 4 , 10 , 11 , 0 , 0 , 9 , 14 , 0 , 18 , 15 , 16 , 12 , 3 , 3 , 18 , 13 , 11 , 4 , 11 , 7 , 3 , 9 , 8 , 3 , 7 , 15 , 11 , 17 , 0 , 11 , 6 , 6 , 6 , 8 , 17 , 
Bins: 12 , 15 , 3 , 15 , 3 , 15 , 15 , 15 , 15 , 15 , 4 , 8 , 15 , 15 , 15 , 15 , 13 , 15 , 4 , 
Cost: 140309
time: 11.676884
nImprovAfterGreedy: 23
nImprovAfterRandom: 23
nMigrate: 221049
nSwap: 184757
n: 100
m: 20
Seed: 78823
