Items: 1 , 33 , 2 , 12 , 10 , 22 , 14 , 32 , 20 , 1 , 0 , 18 , 5 , 24 , 8 , 2 , 10 , 5 , 25 , 17 , 24 , 6 , 33 , 6 , 11 , 15 , 4 , 20 , 6 , 0 , 27 , 21 , 4 , 7 , 9 , 15 , 10 , 0 , 27 , 2 , 21 , 5 , 10 , 29 , 5 , 4 , 11 , 29 , 22 , 31 , 14 , 19 , 27 , 13 , 9 , 23 , 23 , 22 , 0 , 33 , 27 , 23 , 17 , 25 , 24 , 13 , 30 , 32 , 10 , 16 , 26 , 4 , 1 , 12 , 27 , 2 , 16 , 8 , 10 , 0 , 8 , 8 , 12 , 0 , 28 , 18 , 28 , 33 , 10 , 0 , 6 , 31 , 22 , 9 , 14 , 6 , 15 , 11 , 0 , 26 , 18 , 17 , 21 , 23 , 30 , 20 , 20 , 6 , 20 , 7 , 19 , 13 , 12 , 19 , 12 , 28 , 32 , 3 , 5 , 15 , 11 , 3 , 25 , 21 , 12 , 14 , 2 , 7 , 25 , 20 , 21 , 28 , 0 , 3 , 21 , 11 , 5 , 8 , 18 , 26 , 4 , 29 , 1 , 15 , 17 , 19 , 20 , 15 , 25 , 15 , 7 , 9 , 32 , 32 , 17 , 26 , 6 , 33 , 1 , 3 , 31 , 17 , 12 , 24 , 29 , 14 , 24 , 13 , 31 , 19 , 8 , 3 , 14 , 13 , 1 , 31 , 13 , 11 , 25 , 17 , 28 , 10 , 22 , 24 , 24 , 3 , 23 , 1 , 13 , 13 , 5 , 9 , 30 , 4 , 32 , 16 , 5 , 23 , 18 , 7 , 
Bins: 19 , 18 , 18 , 15 , 15 , 19 , 18 , 18 , 18 , 15 , 19 , 15 , 18 , 19 , 19 , 19 , 15 , 19 , 15 , 12 , 18 , 15 , 16 , 15 , 18 , 19 , 10 , 15 , 15 , 4 , 4 , 12 , 15 , 4 , 
Cost: 391564
time: 31.963221
nImprovAfterGreedy: 54
nImprovAfterRandom: 54
nMigrate: 160204
nSwap: 105488
n: 200
m: 20
Seed: 39150
