Items: 8 , 5 , 5 , 6 , 8 , 2 , 14 , 7 , 5 , 9 , 0 , 16 , 1 , 17 , 4 , 17 , 9 , 0 , 17 , 15 , 11 , 11 , 8 , 12 , 0 , 3 , 15 , 11 , 3 , 0 , 17 , 9 , 9 , 10 , 13 , 13 , 4 , 11 , 5 , 3 , 15 , 13 , 4 , 1 , 13 , 7 , 9 , 2 , 6 , 9 , 12 , 11 , 14 , 2 , 1 , 3 , 3 , 2 , 0 , 12 , 5 , 6 , 15 , 14 , 14 , 6 , 16 , 7 , 12 , 13 , 16 , 2 , 11 , 6 , 8 , 8 , 7 , 4 , 8 , 1 , 7 , 12 , 6 , 0 , 3 , 4 , 0 , 4 , 10 , 4 , 5 , 5 , 1 , 13 , 10 , 10 , 1 , 10 , 0 , 10 , 
Bins: 19 , 7 , 11 , 11 , 18 , 18 , 7 , 11 , 11 , 7 , 11 , 11 , 11 , 11 , 11 , 6 , 3 , 11 , 
Cost: 113261
time: 8.461052
nImprovAfterGreedy: 33
nImprovAfterRandom: 33
nMigrate: 148631
nSwap: 112921
n: 100
m: 20
Seed: 75824
