Items: 3 , 0 , 16 , 6 , 12 , 10 , 17 , 2 , 2 , 12 , 13 , 2 , 8 , 6 , 0 , 1 , 7 , 16 , 1 , 14 , 13 , 12 , 3 , 7 , 16 , 1 , 11 , 3 , 1 , 16 , 6 , 0 , 7 , 15 , 5 , 8 , 15 , 13 , 9 , 9 , 7 , 4 , 15 , 12 , 4 , 15 , 2 , 12 , 10 , 4 , 4 , 13 , 11 , 9 , 1 , 8 , 11 , 15 , 13 , 14 , 11 , 8 , 6 , 5 , 9 , 4 , 2 , 17 , 4 , 8 , 3 , 12 , 1 , 9 , 6 , 3 , 8 , 0 , 5 , 12 , 0 , 14 , 5 , 13 , 9 , 0 , 14 , 0 , 15 , 14 , 10 , 10 , 10 , 5 , 17 , 15 , 14 , 3 , 16 , 15 , 
Bins: 42 , 37 , 13 , 37 , 37 , 23 , 37 , 17 , 37 , 42 , 17 , 13 , 42 , 37 , 37 , 48 , 11 , 4 , 
Cost: 137170
time: 9.753652
nImprovAfterGreedy: 31
nImprovAfterRandom: 31
nMigrate: 148476
nSwap: 140658
n: 100
m: 50
Seed: 23404
