Items: 6 , 18 , 0 , 9 , 27 , 21 , 34 , 1 , 11 , 4 , 32 , 12 , 1 , 32 , 2 , 23 , 14 , 31 , 33 , 9 , 1 , 7 , 1 , 14 , 24 , 7 , 0 , 7 , 7 , 0 , 18 , 0 , 22 , 10 , 8 , 17 , 2 , 19 , 6 , 13 , 4 , 20 , 2 , 15 , 20 , 30 , 5 , 7 , 32 , 22 , 21 , 3 , 15 , 3 , 19 , 17 , 17 , 9 , 24 , 19 , 16 , 17 , 11 , 33 , 32 , 11 , 13 , 28 , 13 , 27 , 24 , 0 , 10 , 9 , 3 , 23 , 26 , 2 , 2 , 0 , 28 , 25 , 11 , 32 , 30 , 27 , 28 , 18 , 14 , 19 , 14 , 29 , 31 , 8 , 6 , 7 , 17 , 26 , 18 , 30 , 27 , 25 , 0 , 30 , 25 , 11 , 3 , 16 , 31 , 10 , 25 , 27 , 16 , 5 , 16 , 28 , 5 , 34 , 29 , 16 , 21 , 5 , 4 , 8 , 9 , 19 , 6 , 22 , 4 , 16 , 33 , 15 , 27 , 1 , 20 , 20 , 29 , 31 , 34 , 30 , 31 , 5 , 9 , 17 , 12 , 8 , 31 , 20 , 23 , 18 , 2 , 29 , 10 , 34 , 24 , 12 , 6 , 26 , 6 , 21 , 4 , 13 , 26 , 7 , 5 , 12 , 33 , 11 , 29 , 8 , 31 , 26 , 14 , 22 , 6 , 28 , 25 , 24 , 33 , 19 , 15 , 21 , 34 , 6 , 32 , 21 , 23 , 26 , 25 , 25 , 29 , 23 , 4 , 22 , 20 , 32 , 12 , 34 , 3 , 24 , 
Bins: 8 , 8 , 9 , 8 , 8 , 3 , 9 , 8 , 8 , 9 , 3 , 8 , 8 , 6 , 8 , 3 , 9 , 8 , 8 , 8 , 8 , 8 , 8 , 8 , 8 , 8 , 8 , 8 , 8 , 8 , 8 , 9 , 9 , 8 , 8 , 
Cost: 468421
time: 42.102543
nImprovAfterGreedy: 58
nImprovAfterRandom: 58
nMigrate: 259482
nSwap: 177378
n: 200
m: 10
Seed: 74728
