Items: 5 , 10 , 12 , 22 , 16 , 28 , 19 , 19 , 17 , 23 , 19 , 24 , 26 , 31 , 22 , 0 , 23 , 1 , 0 , 29 , 25 , 10 , 26 , 10 , 1 , 0 , 33 , 13 , 10 , 12 , 24 , 23 , 33 , 10 , 27 , 8 , 4 , 25 , 5 , 5 , 9 , 29 , 4 , 32 , 4 , 20 , 3 , 32 , 15 , 11 , 30 , 25 , 14 , 8 , 21 , 13 , 13 , 18 , 21 , 21 , 21 , 13 , 6 , 9 , 19 , 22 , 17 , 18 , 4 , 31 , 31 , 33 , 29 , 22 , 6 , 26 , 28 , 2 , 4 , 22 , 18 , 31 , 22 , 19 , 27 , 24 , 16 , 26 , 23 , 12 , 5 , 11 , 2 , 27 , 14 , 10 , 8 , 28 , 12 , 20 , 30 , 8 , 12 , 13 , 33 , 14 , 6 , 2 , 17 , 21 , 20 , 8 , 22 , 30 , 30 , 16 , 4 , 10 , 23 , 25 , 3 , 10 , 1 , 9 , 20 , 14 , 19 , 29 , 1 , 30 , 21 , 16 , 15 , 15 , 9 , 3 , 6 , 17 , 3 , 20 , 17 , 32 , 12 , 8 , 1 , 27 , 2 , 15 , 0 , 26 , 23 , 2 , 6 , 18 , 1 , 27 , 5 , 28 , 5 , 31 , 11 , 7 , 23 , 23 , 32 , 14 , 25 , 15 , 11 , 7 , 17 , 28 , 23 , 8 , 5 , 11 , 15 , 1 , 0 , 29 , 16 , 4 , 18 , 5 , 19 , 19 , 0 , 28 , 15 , 15 , 2 , 18 , 3 , 33 , 4 , 7 , 1 , 13 , 24 , 24 , 
Bins: 19 , 19 , 18 , 12 , 19 , 18 , 15 , 11 , 19 , 15 , 18 , 12 , 18 , 15 , 15 , 19 , 15 , 18 , 15 , 18 , 15 , 15 , 18 , 19 , 15 , 15 , 15 , 16 , 15 , 15 , 15 , 4 , 4 , 15 , 
Cost: 391647
time: 32.523307
nImprovAfterGreedy: 62
nImprovAfterRandom: 62
nMigrate: 148505
nSwap: 111141
n: 200
m: 20
Seed: 74219
