Items: 7 , 5 , 1 , 10 , 2 , 6 , 9 , 10 , 8 , 0 , 1 , 2 , 12 , 11 , 11 , 11 , 3 , 8 , 11 , 6 , 5 , 0 , 5 , 3 , 4 , 0 , 11 , 0 , 0 , 1 , 7 , 11 , 11 , 6 , 4 , 10 , 4 , 1 , 7 , 2 , 3 , 3 , 3 , 6 , 8 , 6 , 1 , 7 , 6 , 8 , 10 , 3 , 7 , 2 , 1 , 0 , 0 , 6 , 4 , 10 , 7 , 0 , 7 , 4 , 9 , 10 , 8 , 5 , 8 , 12 , 9 , 6 , 11 , 0 , 7 , 2 , 9 , 5 , 4 , 1 , 5 , 5 , 10 , 1 , 2 , 2 , 8 , 5 , 3 , 1 , 8 , 8 , 6 , 4 , 9 , 0 , 10 , 9 , 1 , 9 , 
Bins: 19 , 19 , 19 , 19 , 19 , 19 , 19 , 19 , 19 , 19 , 19 , 19 , 0 , 
Cost: 88205
time: 8.412786
nImprovAfterGreedy: 27
nImprovAfterRandom: 27
nMigrate: 215425
nSwap: 161189
n: 100
m: 20
Seed: 95388
