Items: 3 , 12 , 6 , 10 , 2 , 7 , 7 , 12 , 1 , 0 , 6 , 5 , 14 , 15 , 2 , 3 , 2 , 1 , 12 , 0 , 13 , 3 , 12 , 11 , 6 , 3 , 0 , 3 , 11 , 6 , 3 , 0 , 0 , 3 , 9 , 4 , 2 , 13 , 7 , 9 , 15 , 14 , 2 , 0 , 14 , 1 , 2 , 8 , 7 , 1 , 8 , 13 , 8 , 14 , 13 , 4 , 0 , 7 , 6 , 8 , 8 , 4 , 14 , 6 , 10 , 9 , 15 , 11 , 1 , 4 , 8 , 2 , 3 , 10 , 10 , 2 , 4 , 2 , 2 , 13 , 3 , 13 , 10 , 6 , 9 , 11 , 15 , 5 , 11 , 13 , 1 , 1 , 7 , 4 , 5 , 11 , 10 , 5 , 6 , 5 , 
Bins: 18 , 13 , 19 , 19 , 14 , 14 , 19 , 17 , 14 , 4 , 7 , 7 , 1 , 14 , 14 , 1 , 
Cost: 114601
time: 9.451191
nImprovAfterGreedy: 20
nImprovAfterRandom: 20
nMigrate: 215840
nSwap: 187688
n: 100
m: 20
Seed: 67233
