Items: 4 , 5 , 11 , 13 , 2 , 4 , 3 , 15 , 3 , 13 , 11 , 30 , 17 , 23 , 2 , 30 , 0 , 20 , 16 , 20 , 21 , 24 , 16 , 20 , 28 , 30 , 18 , 17 , 24 , 11 , 22 , 0 , 0 , 30 , 14 , 7 , 8 , 11 , 4 , 28 , 19 , 19 , 30 , 2 , 19 , 29 , 0 , 18 , 23 , 25 , 27 , 17 , 21 , 5 , 1 , 9 , 9 , 8 , 28 , 27 , 9 , 9 , 17 , 28 , 13 , 23 , 3 , 26 , 21 , 15 , 3 , 2 , 26 , 13 , 14 , 6 , 15 , 5 , 0 , 11 , 26 , 21 , 13 , 18 , 24 , 2 , 26 , 5 , 13 , 11 , 22 , 25 , 4 , 1 , 14 , 13 , 27 , 6 , 11 , 29 , 3 , 6 , 1 , 9 , 30 , 17 , 17 , 22 , 4 , 14 , 20 , 10 , 7 , 27 , 22 , 26 , 9 , 10 , 25 , 7 , 18 , 10 , 12 , 19 , 29 , 22 , 1 , 23 , 12 , 1 , 12 , 2 , 18 , 10 , 19 , 18 , 25 , 15 , 29 , 29 , 30 , 8 , 11 , 7 , 12 , 6 , 1 , 20 , 16 , 5 , 0 , 1 , 14 , 7 , 0 , 12 , 15 , 5 , 15 , 4 , 3 , 8 , 13 , 13 , 20 , 24 , 7 , 10 , 25 , 27 , 6 , 6 , 22 , 23 , 16 , 24 , 20 , 28 , 16 , 3 , 2 , 21 , 7 , 15 , 15 , 5 , 4 , 15 , 20 , 10 , 1 , 24 , 8 , 8 , 21 , 23 , 12 , 9 , 17 , 30 , 
Bins: 8 , 9 , 9 , 8 , 9 , 9 , 8 , 9 , 9 , 8 , 8 , 9 , 8 , 9 , 9 , 9 , 9 , 8 , 8 , 8 , 9 , 9 , 9 , 9 , 8 , 4 , 8 , 8 , 9 , 8 , 8 , 
Cost: 374024
time: 31.067313
nImprovAfterGreedy: 48
nImprovAfterRandom: 48
nMigrate: 188282
nSwap: 119128
n: 200
m: 10
Seed: 41824
