Items: 6 , 32 , 19 , 26 , 15 , 12 , 30 , 30 , 4 , 29 , 30 , 1 , 10 , 11 , 11 , 1 , 5 , 33 , 35 , 16 , 23 , 13 , 35 , 25 , 22 , 1 , 16 , 6 , 14 , 18 , 7 , 29 , 31 , 3 , 14 , 34 , 27 , 28 , 19 , 4 , 16 , 20 , 5 , 17 , 20 , 5 , 31 , 17 , 12 , 22 , 12 , 32 , 0 , 32 , 28 , 14 , 6 , 5 , 22 , 26 , 30 , 34 , 0 , 3 , 29 , 14 , 9 , 8 , 25 , 10 , 24 , 5 , 3 , 29 , 0 , 21 , 11 , 9 , 22 , 28 , 15 , 9 , 14 , 30 , 2 , 11 , 2 , 26 , 25 , 7 , 25 , 19 , 12 , 28 , 23 , 14 , 27 , 24 , 18 , 23 , 15 , 27 , 18 , 6 , 3 , 0 , 0 , 4 , 31 , 13 , 33 , 15 , 21 , 34 , 21 , 2 , 34 , 6 , 17 , 34 , 24 , 23 , 33 , 13 , 4 , 23 , 30 , 9 , 33 , 11 , 7 , 2 , 8 , 31 , 20 , 20 , 3 , 30 , 8 , 4 , 5 , 19 , 22 , 34 , 8 , 13 , 4 , 20 , 35 , 32 , 24 , 10 , 13 , 12 , 5 , 17 , 14 , 26 , 11 , 27 , 15 , 16 , 29 , 29 , 19 , 17 , 28 , 25 , 7 , 26 , 27 , 31 , 25 , 1 , 21 , 7 , 33 , 24 , 35 , 15 , 2 , 18 , 8 , 8 , 24 , 32 , 7 , 11 , 33 , 33 , 18 , 28 , 18 , 27 , 20 , 10 , 33 , 30 , 32 , 1 , 
Bins: 15 , 15 , 15 , 15 , 18 , 15 , 15 , 15 , 15 , 4 , 4 , 18 , 15 , 15 , 16 , 15 , 15 , 15 , 12 , 4 , 15 , 13 , 15 , 8 , 15 , 12 , 4 , 12 , 15 , 4 , 18 , 15 , 15 , 19 , 15 , 12 , 
Cost: 470151
time: 43.795551
nImprovAfterGreedy: 50
nImprovAfterRandom: 50
nMigrate: 250480
nSwap: 180817
n: 200
m: 20
Seed: 24112
