Items: 9 , 8 , 1 , 5 , 4 , 11 , 11 , 10 , 5 , 5 , 1 , 12 , 13 , 9 , 4 , 9 , 14 , 13 , 9 , 15 , 10 , 3 , 9 , 3 , 0 , 3 , 15 , 3 , 3 , 1 , 6 , 14 , 14 , 3 , 0 , 5 , 4 , 1 , 11 , 7 , 15 , 13 , 0 , 15 , 13 , 2 , 1 , 15 , 11 , 2 , 13 , 10 , 6 , 7 , 8 , 5 , 5 , 11 , 0 , 8 , 6 , 5 , 6 , 0 , 14 , 7 , 15 , 10 , 2 , 13 , 12 , 4 , 9 , 5 , 6 , 7 , 10 , 4 , 0 , 1 , 10 , 8 , 5 , 1 , 7 , 4 , 14 , 4 , 3 , 1 , 2 , 2 , 11 , 2 , 12 , 3 , 8 , 12 , 1 , 12 , 
Bins: 9 , 9 , 8 , 9 , 9 , 9 , 8 , 9 , 8 , 9 , 8 , 9 , 8 , 8 , 8 , 8 , 
Cost: 92017
time: 7.643647
nImprovAfterGreedy: 25
nImprovAfterRandom: 25
nMigrate: 187895
nSwap: 108037
n: 100
m: 10
Seed: 67532
