Items: 4 , 6 , 1 , 3 , 2 , 9 , 7 , 6 , 8 , 0 , 1 , 11 , 9 , 4 , 2 , 4 , 0 , 8 , 6 , 3 , 6 , 6 , 6 , 0 , 12 , 3 , 4 , 4 , 3 , 1 , 7 , 0 , 0 , 3 , 5 , 3 , 2 , 1 , 7 , 12 , 5 , 8 , 8 , 2 , 8 , 8 , 0 , 6 , 9 , 8 , 6 , 4 , 7 , 12 , 10 , 3 , 3 , 5 , 12 , 10 , 7 , 3 , 7 , 12 , 0 , 9 , 10 , 4 , 8 , 5 , 11 , 2 , 4 , 3 , 7 , 0 , 11 , 2 , 2 , 1 , 4 , 1 , 3 , 1 , 12 , 2 , 1 , 7 , 0 , 1 , 8 , 8 , 9 , 5 , 11 , 5 , 10 , 11 , 1 , 2 , 
Bins: 19 , 19 , 19 , 19 , 19 , 15 , 19 , 19 , 19 , 16 , 2 , 15 , 19 , 
Cost: 96808
time: 9.456169
nImprovAfterGreedy: 30
nImprovAfterRandom: 30
nMigrate: 193957
nSwap: 143278
n: 100
m: 20
Seed: 66428
