Items: 29 , 1 , 13 , 34 , 30 , 11 , 13 , 10 , 17 , 18 , 0 , 16 , 15 , 7 , 30 , 5 , 19 , 14 , 9 , 26 , 7 , 1 , 0 , 33 , 0 , 5 , 8 , 1 , 11 , 3 , 6 , 18 , 12 , 1 , 1 , 32 , 30 , 3 , 13 , 29 , 23 , 35 , 2 , 30 , 35 , 26 , 12 , 8 , 9 , 19 , 4 , 2 , 21 , 28 , 18 , 32 , 16 , 11 , 0 , 34 , 8 , 32 , 19 , 33 , 7 , 4 , 25 , 20 , 2 , 14 , 14 , 27 , 15 , 14 , 28 , 24 , 10 , 31 , 30 , 3 , 11 , 31 , 17 , 31 , 22 , 21 , 22 , 24 , 17 , 0 , 17 , 17 , 29 , 18 , 13 , 1 , 24 , 24 , 3 , 26 , 28 , 24 , 18 , 16 , 33 , 21 , 28 , 15 , 29 , 23 , 6 , 4 , 12 , 12 , 27 , 19 , 20 , 4 , 5 , 27 , 15 , 1 , 14 , 23 , 10 , 25 , 13 , 31 , 14 , 29 , 18 , 22 , 21 , 25 , 23 , 21 , 15 , 10 , 12 , 26 , 27 , 34 , 19 , 32 , 5 , 2 , 8 , 20 , 9 , 22 , 24 , 15 , 20 , 20 , 26 , 5 , 29 , 34 , 13 , 33 , 28 , 35 , 18 , 7 , 31 , 21 , 7 , 25 , 35 , 34 , 27 , 3 , 17 , 16 , 29 , 11 , 6 , 23 , 9 , 13 , 22 , 2 , 32 , 26 , 7 , 2 , 6 , 10 , 6 , 25 , 6 , 11 , 32 , 0 , 20 , 3 , 5 , 9 , 1 , 1 , 
Bins: 12 , 18 , 15 , 15 , 5 , 15 , 12 , 17 , 13 , 12 , 13 , 15 , 4 , 18 , 15 , 15 , 15 , 12 , 15 , 16 , 15 , 15 , 15 , 15 , 15 , 15 , 15 , 15 , 15 , 18 , 15 , 4 , 15 , 4 , 4 , 4 , 
Cost: 468103
time: 39.963104
nImprovAfterGreedy: 48
nImprovAfterRandom: 48
nMigrate: 213671
nSwap: 161332
n: 200
m: 20
Seed: 55998
