Items: 3 , 30 , 1 , 6 , 17 , 2 , 6 , 8 , 6 , 29 , 27 , 26 , 20 , 0 , 13 , 25 , 11 , 5 , 4 , 5 , 21 , 15 , 30 , 33 , 30 , 25 , 10 , 23 , 3 , 9 , 28 , 1 , 29 , 13 , 7 , 7 , 17 , 21 , 3 , 24 , 32 , 11 , 10 , 17 , 14 , 5 , 8 , 10 , 2 , 15 , 33 , 21 , 23 , 20 , 24 , 9 , 9 , 5 , 27 , 33 , 14 , 9 , 10 , 34 , 6 , 12 , 0 , 22 , 15 , 4 , 8 , 13 , 23 , 6 , 20 , 27 , 19 , 13 , 17 , 34 , 22 , 15 , 6 , 27 , 22 , 12 , 29 , 13 , 11 , 24 , 28 , 31 , 2 , 7 , 25 , 34 , 32 , 11 , 1 , 16 , 12 , 18 , 1 , 9 , 29 , 23 , 20 , 24 , 6 , 9 , 28 , 12 , 34 , 8 , 3 , 10 , 8 , 18 , 11 , 28 , 33 , 18 , 5 , 20 , 16 , 16 , 24 , 0 , 5 , 24 , 29 , 1 , 10 , 18 , 32 , 27 , 31 , 4 , 14 , 16 , 5 , 17 , 15 , 7 , 26 , 27 , 23 , 25 , 19 , 1 , 11 , 7 , 2 , 2 , 5 , 26 , 3 , 19 , 3 , 18 , 32 , 31 , 19 , 11 , 8 , 26 , 21 , 29 , 31 , 33 , 13 , 12 , 28 , 0 , 3 , 22 , 20 , 30 , 34 , 12 , 31 , 21 , 14 , 14 , 19 , 16 , 25 , 19 , 28 , 18 , 11 , 22 , 32 , 13 , 3 , 4 , 26 , 14 , 20 , 25 , 
Bins: 11 , 11 , 7 , 18 , 11 , 19 , 18 , 11 , 6 , 11 , 11 , 19 , 7 , 18 , 7 , 7 , 7 , 11 , 11 , 18 , 19 , 11 , 11 , 11 , 18 , 11 , 11 , 11 , 11 , 11 , 11 , 11 , 7 , 11 , 11 , 
Cost: 418639
time: 36.513489
nImprovAfterGreedy: 45
nImprovAfterRandom: 45
nMigrate: 218398
nSwap: 133133
n: 200
m: 20
Seed: 16111
