Items: 12 , 0 , 0 , 6 , 9 , 5 , 2 , 0 , 1 , 4 , 1 , 11 , 10 , 5 , 9 , 8 , 8 , 10 , 5 , 5 , 0 , 3 , 10 , 8 , 7 , 3 , 4 , 3 , 3 , 1 , 2 , 4 , 4 , 0 , 12 , 6 , 9 , 1 , 2 , 7 , 12 , 7 , 9 , 4 , 7 , 0 , 1 , 4 , 5 , 10 , 6 , 8 , 2 , 7 , 1 , 3 , 3 , 5 , 7 , 6 , 2 , 3 , 2 , 12 , 8 , 6 , 5 , 0 , 10 , 10 , 11 , 4 , 8 , 3 , 2 , 9 , 0 , 9 , 9 , 1 , 9 , 2 , 6 , 1 , 7 , 10 , 1 , 9 , 8 , 1 , 0 , 0 , 5 , 12 , 11 , 3 , 6 , 11 , 1 , 11 , 
Bins: 49 , 49 , 49 , 46 , 44 , 49 , 46 , 49 , 46 , 49 , 46 , 37 , 34 , 
Cost: 96855
time: 6.868204
nImprovAfterGreedy: 32
nImprovAfterRandom: 32
nMigrate: 116462
nSwap: 107247
n: 100
m: 50
Seed: 26492
