Items: 7 , 9 , 20 , 6 , 17 , 14 , 28 , 27 , 6 , 12 , 0 , 14 , 2 , 21 , 22 , 20 , 4 , 28 , 21 , 21 , 8 , 22 , 9 , 4 , 18 , 26 , 1 , 31 , 15 , 0 , 13 , 18 , 4 , 14 , 20 , 26 , 22 , 8 , 7 , 20 , 18 , 25 , 27 , 24 , 25 , 23 , 19 , 24 , 29 , 5 , 16 , 27 , 30 , 9 , 15 , 0 , 1 , 32 , 3 , 19 , 1 , 3 , 10 , 8 , 28 , 6 , 29 , 12 , 5 , 17 , 11 , 14 , 31 , 6 , 10 , 0 , 23 , 22 , 3 , 22 , 0 , 13 , 6 , 0 , 15 , 17 , 16 , 9 , 12 , 15 , 16 , 25 , 2 , 32 , 7 , 12 , 32 , 14 , 19 , 33 , 17 , 11 , 18 , 3 , 4 , 33 , 10 , 31 , 6 , 14 , 28 , 17 , 6 , 32 , 31 , 16 , 27 , 28 , 30 , 26 , 18 , 28 , 5 , 19 , 2 , 33 , 7 , 29 , 8 , 31 , 13 , 34 , 17 , 2 , 34 , 11 , 25 , 23 , 32 , 33 , 23 , 24 , 3 , 26 , 30 , 0 , 31 , 26 , 20 , 9 , 21 , 28 , 10 , 27 , 19 , 30 , 7 , 5 , 7 , 1 , 34 , 11 , 12 , 12 , 24 , 33 , 8 , 29 , 25 , 19 , 22 , 5 , 16 , 29 , 7 , 15 , 5 , 18 , 4 , 20 , 34 , 27 , 26 , 7 , 1 , 27 , 13 , 23 , 13 , 2 , 25 , 15 , 32 , 22 , 27 , 11 , 30 , 1 , 10 , 13 , 
Bins: 8 , 9 , 8 , 8 , 8 , 8 , 9 , 9 , 8 , 8 , 8 , 8 , 8 , 8 , 8 , 8 , 8 , 8 , 8 , 8 , 9 , 6 , 9 , 8 , 3 , 8 , 8 , 8 , 9 , 8 , 8 , 9 , 8 , 8 , 3 , 
Cost: 420413
time: 36.624359
nImprovAfterGreedy: 54
nImprovAfterRandom: 54
nMigrate: 230891
nSwap: 135065
n: 200
m: 10
Seed: 66075
