Items: 5 , 8 , 13 , 12 , 3 , 4 , 15 , 13 , 14 , 8 , 2 , 15 , 0 , 1 , 3 , 5 , 11 , 14 , 1 , 1 , 13 , 8 , 0 , 11 , 10 , 5 , 8 , 7 , 0 , 2 , 6 , 8 , 11 , 9 , 10 , 7 , 9 , 2 , 6 , 5 , 11 , 4 , 9 , 10 , 4 , 9 , 2 , 8 , 4 , 11 , 6 , 12 , 3 , 8 , 2 , 7 , 7 , 9 , 12 , 12 , 6 , 7 , 6 , 10 , 7 , 1 , 14 , 13 , 14 , 0 , 1 , 8 , 5 , 7 , 6 , 5 , 13 , 3 , 10 , 2 , 5 , 3 , 12 , 0 , 12 , 3 , 14 , 4 , 9 , 2 , 14 , 14 , 4 , 15 , 15 , 9 , 15 , 15 , 2 , 9 , 
Bins: 38 , 44 , 48 , 44 , 46 , 48 , 48 , 44 , 48 , 48 , 44 , 46 , 38 , 46 , 48 , 49 , 
Cost: 99397
time: 7.313940
nImprovAfterGreedy: 31
nImprovAfterRandom: 31
nMigrate: 107893
nSwap: 90037
n: 100
m: 50
Seed: 36508
