Items: 7 , 13 , 9 , 3 , 7 , 14 , 14 , 11 , 9 , 6 , 7 , 24 , 15 , 19 , 0 , 9 , 6 , 9 , 19 , 0 , 22 , 0 , 20 , 5 , 18 , 24 , 0 , 7 , 20 , 9 , 21 , 6 , 19 , 13 , 16 , 3 , 4 , 12 , 14 , 1 , 15 , 21 , 11 , 0 , 12 , 11 , 7 , 0 , 14 , 17 , 23 , 11 , 2 , 1 , 10 , 3 , 13 , 11 , 18 , 5 , 21 , 3 , 17 , 18 , 6 , 2 , 24 , 13 , 17 , 23 , 23 , 0 , 10 , 3 , 1 , 7 , 11 , 8 , 7 , 0 , 7 , 17 , 3 , 9 , 20 , 2 , 19 , 8 , 6 , 10 , 9 , 9 , 14 , 10 , 24 , 6 , 3 , 4 , 8 , 5 , 18 , 4 , 6 , 13 , 24 , 2 , 1 , 21 , 14 , 1 , 9 , 23 , 2 , 10 , 3 , 19 , 13 , 22 , 16 , 12 , 13 , 22 , 16 , 15 , 11 , 5 , 10 , 2 , 16 , 10 , 21 , 8 , 10 , 22 , 15 , 2 , 21 , 11 , 12 , 5 , 11 , 15 , 17 , 3 , 16 , 7 , 10 , 4 , 19 , 8 , 6 , 10 , 1 , 14 , 5 , 16 , 15 , 8 , 11 , 22 , 23 , 4 , 6 , 6 , 9 , 20 , 12 , 22 , 21 , 8 , 17 , 17 , 9 , 2 , 7 , 20 , 21 , 13 , 19 , 23 , 8 , 22 , 12 , 12 , 12 , 8 , 24 , 11 , 21 , 22 , 21 , 20 , 15 , 0 , 14 , 23 , 16 , 14 , 1 , 24 , 
Bins: 49 , 49 , 49 , 49 , 37 , 49 , 49 , 49 , 49 , 49 , 49 , 49 , 49 , 49 , 49 , 49 , 49 , 49 , 43 , 49 , 48 , 49 , 49 , 48 , 48 , 
Cost: 365260
time: 26.976141
nImprovAfterGreedy: 42
nImprovAfterRandom: 42
nMigrate: 143993
nSwap: 103814
n: 200
m: 50
Seed: 74922
