Items: 9 , 0 , 9 , 4 , 3 , 1 , 11 , 4 , 5 , 6 , 5 , 11 , 12 , 1 , 6 , 8 , 8 , 6 , 1 , 1 , 0 , 2 , 0 , 8 , 7 , 2 , 6 , 2 , 2 , 5 , 9 , 6 , 6 , 2 , 7 , 4 , 7 , 5 , 9 , 3 , 7 , 10 , 8 , 6 , 10 , 3 , 5 , 6 , 1 , 10 , 4 , 8 , 9 , 3 , 5 , 2 , 2 , 1 , 7 , 4 , 9 , 2 , 9 , 7 , 8 , 3 , 1 , 0 , 10 , 12 , 11 , 6 , 8 , 2 , 9 , 3 , 4 , 0 , 7 , 5 , 0 , 0 , 4 , 5 , 3 , 11 , 5 , 0 , 8 , 5 , 9 , 10 , 1 , 10 , 11 , 2 , 4 , 11 , 5 , 11 , 
Bins: 19 , 19 , 19 , 19 , 19 , 19 , 19 , 19 , 19 , 19 , 15 , 19 , 0 , 
Cost: 88152
time: 7.699720
nImprovAfterGreedy: 18
nImprovAfterRandom: 18
nMigrate: 205719
nSwap: 137783
n: 100
m: 20
Seed: 36055
