Items: 13 , 0 , 17 , 5 , 13 , 10 , 2 , 5 , 2 , 15 , 11 , 8 , 12 , 1 , 3 , 17 , 1 , 11 , 18 , 16 , 4 , 15 , 12 , 6 , 9 , 15 , 17 , 9 , 15 , 2 , 7 , 1 , 1 , 8 , 18 , 18 , 6 , 4 , 7 , 6 , 17 , 16 , 2 , 3 , 16 , 10 , 1 , 15 , 10 , 0 , 18 , 4 , 7 , 9 , 15 , 15 , 14 , 10 , 4 , 5 , 7 , 16 , 16 , 6 , 14 , 5 , 16 , 4 , 12 , 11 , 5 , 10 , 2 , 14 , 7 , 13 , 9 , 3 , 13 , 3 , 13 , 3 , 5 , 0 , 14 , 12 , 11 , 12 , 2 , 12 , 0 , 0 , 10 , 1 , 8 , 9 , 5 , 8 , 11 , 8 , 
Bins: 4 , 15 , 12 , 10 , 15 , 16 , 15 , 15 , 15 , 15 , 15 , 12 , 15 , 4 , 4 , 15 , 15 , 11 , 12 , 
Cost: 139513
time: 9.851997
nImprovAfterGreedy: 38
nImprovAfterRandom: 38
nMigrate: 187851
nSwap: 144156
n: 100
m: 20
Seed: 9254
