Items: 3 , 10 , 12 , 11 , 14 , 9 , 3 , 11 , 8 , 1 , 15 , 14 , 9 , 6 , 1 , 12 , 4 , 8 , 6 , 6 , 7 , 3 , 7 , 4 , 15 , 3 , 6 , 5 , 14 , 12 , 3 , 4 , 4 , 2 , 13 , 13 , 2 , 7 , 3 , 0 , 0 , 9 , 2 , 1 , 9 , 2 , 4 , 12 , 9 , 4 , 6 , 5 , 14 , 0 , 1 , 13 , 5 , 2 , 15 , 11 , 9 , 5 , 3 , 15 , 5 , 11 , 8 , 10 , 8 , 13 , 11 , 1 , 12 , 5 , 3 , 15 , 13 , 10 , 15 , 1 , 10 , 10 , 11 , 10 , 0 , 14 , 8 , 7 , 2 , 7 , 8 , 8 , 9 , 13 , 14 , 2 , 11 , 7 , 10 , 2 , 
Bins: 32 , 44 , 48 , 49 , 46 , 44 , 48 , 48 , 48 , 46 , 44 , 40 , 38 , 48 , 44 , 48 , 
Cost: 99548
time: 7.027071
nImprovAfterGreedy: 34
nImprovAfterRandom: 34
nMigrate: 81949
nSwap: 77062
n: 100
m: 50
Seed: 16407
