Items: 2 , 0 , 18 , 5 , 2 , 19 , 10 , 11 , 10 , 8 , 18 , 4 , 15 , 1 , 4 , 1 , 8 , 0 , 1 , 21 , 16 , 7 , 2 , 6 , 22 , 1 , 12 , 2 , 7 , 18 , 0 , 8 , 1 , 14 , 13 , 11 , 17 , 16 , 10 , 20 , 24 , 24 , 10 , 12 , 24 , 15 , 6 , 12 , 19 , 7 , 11 , 16 , 19 , 3 , 9 , 10 , 14 , 15 , 20 , 6 , 14 , 14 , 5 , 17 , 8 , 20 , 4 , 14 , 4 , 11 , 20 , 12 , 9 , 5 , 16 , 2 , 15 , 4 , 2 , 12 , 7 , 7 , 5 , 18 , 20 , 4 , 18 , 4 , 8 , 18 , 18 , 0 , 15 , 9 , 6 , 8 , 5 , 22 , 18 , 23 , 19 , 21 , 8 , 14 , 21 , 19 , 16 , 16 , 5 , 14 , 12 , 11 , 2 , 11 , 5 , 18 , 11 , 3 , 13 , 17 , 22 , 3 , 13 , 24 , 15 , 6 , 9 , 4 , 13 , 9 , 9 , 20 , 9 , 3 , 24 , 22 , 0 , 15 , 17 , 23 , 15 , 12 , 5 , 10 , 13 , 2 , 9 , 10 , 1 , 3 , 8 , 9 , 14 , 10 , 5 , 13 , 10 , 4 , 10 , 3 , 21 , 21 , 8 , 8 , 6 , 19 , 17 , 6 , 0 , 6 , 7 , 7 , 18 , 21 , 2 , 0 , 0 , 22 , 1 , 21 , 20 , 16 , 17 , 17 , 17 , 3 , 23 , 15 , 0 , 3 , 9 , 7 , 10 , 12 , 10 , 21 , 13 , 1 , 16 , 4 , 
Bins: 19 , 19 , 19 , 19 , 19 , 19 , 19 , 19 , 19 , 19 , 19 , 17 , 19 , 19 , 19 , 19 , 19 , 19 , 19 , 15 , 19 , 19 , 15 , 2 , 15 , 
Cost: 382890
time: 31.947387
nImprovAfterGreedy: 46
nImprovAfterRandom: 46
nMigrate: 201236
nSwap: 145590
n: 200
m: 20
Seed: 64475
