Items: 16 , 1 , 16 , 6 , 16 , 7 , 5 , 7 , 17 , 13 , 8 , 13 , 9 , 13 , 0 , 10 , 15 , 23 , 10 , 0 , 12 , 12 , 10 , 15 , 8 , 19 , 0 , 14 , 15 , 17 , 23 , 11 , 13 , 14 , 21 , 3 , 17 , 12 , 7 , 19 , 2 , 2 , 14 , 0 , 4 , 9 , 17 , 12 , 7 , 11 , 22 , 14 , 5 , 4 , 3 , 17 , 14 , 9 , 8 , 6 , 14 , 14 , 18 , 8 , 18 , 19 , 20 , 1 , 11 , 22 , 22 , 0 , 23 , 18 , 18 , 16 , 9 , 5 , 16 , 0 , 1 , 0 , 6 , 8 , 4 , 11 , 23 , 2 , 15 , 17 , 17 , 1 , 9 , 3 , 5 , 15 , 6 , 2 , 23 , 5 , 8 , 22 , 3 , 14 , 13 , 5 , 14 , 18 , 7 , 14 , 17 , 22 , 19 , 3 , 16 , 23 , 7 , 20 , 21 , 19 , 15 , 20 , 21 , 2 , 9 , 5 , 3 , 0 , 21 , 3 , 3 , 4 , 3 , 20 , 2 , 19 , 18 , 9 , 12 , 18 , 9 , 6 , 16 , 19 , 21 , 16 , 3 , 17 , 10 , 4 , 6 , 3 , 7 , 19 , 6 , 21 , 17 , 11 , 17 , 20 , 13 , 22 , 11 , 15 , 7 , 5 , 12 , 20 , 1 , 6 , 11 , 11 , 23 , 13 , 16 , 1 , 17 , 8 , 10 , 22 , 4 , 20 , 12 , 12 , 12 , 4 , 10 , 9 , 17 , 20 , 10 , 1 , 17 , 0 , 7 , 13 , 21 , 7 , 11 , 11 , 
Bins: 49 , 48 , 48 , 49 , 49 , 49 , 49 , 49 , 49 , 49 , 49 , 49 , 49 , 49 , 49 , 47 , 49 , 49 , 49 , 49 , 49 , 49 , 48 , 49 , 
Cost: 364747
time: 29.381895
nImprovAfterGreedy: 53
nImprovAfterRandom: 53
nMigrate: 138639
nSwap: 128830
n: 200
m: 50
Seed: 98411
