Items: 0 , 13 , 12 , 1 , 0 , 4 , 1 , 7 , 2 , 15 , 2 , 16 , 7 , 3 , 6 , 12 , 5 , 2 , 3 , 3 , 17 , 15 , 0 , 15 , 15 , 11 , 10 , 15 , 15 , 2 , 9 , 10 , 10 , 16 , 14 , 11 , 6 , 17 , 9 , 14 , 5 , 8 , 6 , 11 , 8 , 4 , 2 , 10 , 4 , 8 , 13 , 17 , 9 , 7 , 10 , 11 , 11 , 4 , 17 , 13 , 9 , 11 , 9 , 14 , 1 , 1 , 5 , 12 , 8 , 7 , 3 , 4 , 12 , 1 , 0 , 0 , 7 , 6 , 0 , 2 , 12 , 13 , 1 , 2 , 17 , 6 , 5 , 6 , 8 , 6 , 8 , 8 , 4 , 14 , 16 , 15 , 13 , 16 , 2 , 16 , 
Bins: 8 , 9 , 9 , 8 , 8 , 8 , 9 , 8 , 8 , 8 , 8 , 8 , 8 , 8 , 8 , 9 , 8 , 8 , 
Cost: 101590
time: 8.172759
nImprovAfterGreedy: 37
nImprovAfterRandom: 37
nMigrate: 164723
nSwap: 104488
n: 100
m: 10
Seed: 49797
