Items: 0 , 15 , 10 , 4 , 0 , 11 , 18 , 10 , 18 , 4 , 10 , 21 , 16 , 14 , 7 , 9 , 20 , 16 , 9 , 12 , 13 , 15 , 3 , 20 , 22 , 9 , 7 , 3 , 19 , 18 , 16 , 7 , 9 , 21 , 2 , 11 , 0 , 13 , 10 , 2 , 23 , 12 , 18 , 7 , 8 , 5 , 1 , 3 , 14 , 0 , 11 , 13 , 3 , 15 , 7 , 18 , 18 , 5 , 24 , 1 , 12 , 18 , 17 , 23 , 4 , 14 , 14 , 3 , 2 , 24 , 2 , 7 , 3 , 4 , 13 , 6 , 5 , 17 , 0 , 7 , 6 , 6 , 17 , 10 , 19 , 24 , 20 , 1 , 20 , 12 , 10 , 10 , 8 , 2 , 21 , 4 , 17 , 22 , 1 , 21 , 24 , 6 , 1 , 18 , 9 , 3 , 13 , 13 , 11 , 21 , 10 , 14 , 7 , 11 , 17 , 17 , 11 , 15 , 16 , 11 , 22 , 15 , 2 , 1 , 5 , 20 , 4 , 14 , 12 , 11 , 1 , 8 , 24 , 15 , 23 , 22 , 16 , 5 , 24 , 4 , 5 , 10 , 0 , 18 , 12 , 6 , 3 , 12 , 9 , 1 , 1 , 16 , 21 , 8 , 12 , 2 , 5 , 1 , 12 , 0 , 23 , 8 , 4 , 4 , 10 , 19 , 11 , 20 , 16 , 8 , 6 , 6 , 20 , 14 , 0 , 19 , 12 , 22 , 4 , 12 , 8 , 0 , 5 , 5 , 4 , 15 , 21 , 5 , 16 , 15 , 16 , 19 , 5 , 7 , 15 , 14 , 13 , 10 , 13 , 21 , 
Bins: 19 , 19 , 19 , 19 , 19 , 19 , 19 , 19 , 19 , 19 , 19 , 19 , 19 , 19 , 19 , 19 , 19 , 19 , 19 , 15 , 19 , 19 , 15 , 4 , 17 , 
Cost: 365296
time: 29.235340
nImprovAfterGreedy: 41
nImprovAfterRandom: 41
nMigrate: 199986
nSwap: 124541
n: 200
m: 20
Seed: 89329
