Items: 18 , 17 , 4 , 2 , 14 , 7 , 6 , 6 , 15 , 11 , 1 , 29 , 30 , 20 , 26 , 20 , 11 , 13 , 20 , 31 , 24 , 25 , 16 , 27 , 1 , 3 , 8 , 15 , 3 , 1 , 25 , 11 , 13 , 2 , 9 , 23 , 0 , 24 , 18 , 10 , 5 , 22 , 26 , 14 , 22 , 7 , 11 , 8 , 10 , 21 , 23 , 24 , 16 , 17 , 27 , 32 , 32 , 7 , 1 , 27 , 4 , 32 , 25 , 9 , 6 , 17 , 29 , 3 , 13 , 30 , 33 , 7 , 32 , 2 , 25 , 12 , 30 , 26 , 14 , 1 , 12 , 8 , 2 , 1 , 2 , 26 , 19 , 26 , 17 , 26 , 4 , 21 , 10 , 9 , 6 , 3 , 27 , 0 , 1 , 33 , 14 , 0 , 5 , 32 , 29 , 15 , 15 , 4 , 15 , 4 , 16 , 23 , 2 , 23 , 10 , 19 , 23 , 6 , 14 , 23 , 31 , 2 , 14 , 5 , 10 , 27 , 6 , 19 , 9 , 15 , 8 , 28 , 8 , 0 , 5 , 31 , 25 , 10 , 11 , 33 , 7 , 19 , 25 , 28 , 22 , 12 , 15 , 0 , 20 , 17 , 11 , 9 , 16 , 16 , 11 , 33 , 18 , 7 , 18 , 0 , 21 , 26 , 31 , 3 , 13 , 23 , 24 , 13 , 21 , 28 , 12 , 12 , 1 , 29 , 18 , 21 , 17 , 31 , 13 , 27 , 28 , 24 , 22 , 18 , 22 , 6 , 8 , 18 , 17 , 17 , 0 , 22 , 5 , 19 , 18 , 30 , 3 , 13 , 4 , 4 , 
Bins: 19 , 19 , 18 , 15 , 18 , 15 , 18 , 15 , 15 , 15 , 18 , 15 , 15 , 19 , 15 , 18 , 15 , 19 , 18 , 15 , 15 , 12 , 15 , 19 , 15 , 19 , 18 , 16 , 4 , 15 , 15 , 15 , 15 , 10 , 
Cost: 391805
time: 32.208150
nImprovAfterGreedy: 68
nImprovAfterRandom: 68
nMigrate: 161820
nSwap: 107680
n: 200
m: 20
Seed: 50046
