Items: 30 , 11 , 16 , 1 , 3 , 27 , 14 , 7 , 17 , 24 , 17 , 18 , 20 , 5 , 8 , 5 , 3 , 22 , 5 , 19 , 16 , 15 , 27 , 14 , 11 , 15 , 29 , 18 , 15 , 17 , 23 , 24 , 15 , 11 , 4 , 7 , 3 , 16 , 23 , 26 , 28 , 22 , 3 , 29 , 6 , 19 , 17 , 29 , 27 , 15 , 30 , 20 , 2 , 26 , 4 , 17 , 13 , 19 , 13 , 30 , 13 , 13 , 20 , 14 , 24 , 26 , 18 , 21 , 3 , 7 , 9 , 19 , 4 , 1 , 20 , 25 , 7 , 8 , 3 , 8 , 25 , 8 , 1 , 21 , 26 , 0 , 23 , 24 , 3 , 22 , 23 , 16 , 27 , 4 , 2 , 21 , 1 , 11 , 17 , 6 , 0 , 25 , 24 , 13 , 14 , 2 , 20 , 21 , 2 , 11 , 8 , 9 , 28 , 30 , 19 , 19 , 7 , 30 , 22 , 12 , 11 , 24 , 10 , 17 , 0 , 6 , 4 , 8 , 10 , 2 , 10 , 6 , 0 , 18 , 28 , 29 , 22 , 1 , 0 , 21 , 19 , 28 , 15 , 12 , 10 , 25 , 27 , 12 , 5 , 6 , 24 , 4 , 2 , 7 , 1 , 10 , 11 , 1 , 12 , 14 , 9 , 25 , 1 , 24 , 16 , 5 , 0 , 26 , 22 , 30 , 25 , 15 , 23 , 9 , 28 , 27 , 18 , 11 , 5 , 9 , 22 , 3 , 12 , 12 , 0 , 21 , 23 , 7 , 23 , 26 , 22 , 18 , 17 , 7 , 12 , 9 , 10 , 13 , 20 , 23 , 
Bins: 44 , 44 , 44 , 49 , 44 , 48 , 40 , 48 , 44 , 48 , 38 , 48 , 46 , 48 , 44 , 46 , 48 , 48 , 48 , 48 , 38 , 46 , 48 , 48 , 44 , 48 , 49 , 46 , 44 , 40 , 48 , 
Cost: 388023
time: 28.321712
nImprovAfterGreedy: 60
nImprovAfterRandom: 60
nMigrate: 118045
nSwap: 89028
n: 200
m: 50
Seed: 83126
