Items: 8 , 10 , 1 , 6 , 4 , 9 , 12 , 1 , 6 , 2 , 11 , 3 , 7 , 8 , 4 , 8 , 2 , 7 , 8 , 8 , 1 , 3 , 4 , 2 , 11 , 3 , 8 , 3 , 3 , 5 , 13 , 2 , 2 , 3 , 0 , 6 , 4 , 1 , 12 , 0 , 8 , 10 , 3 , 9 , 10 , 10 , 6 , 9 , 9 , 10 , 12 , 1 , 13 , 10 , 5 , 6 , 3 , 9 , 11 , 6 , 13 , 6 , 13 , 11 , 2 , 0 , 0 , 1 , 0 , 7 , 6 , 9 , 8 , 6 , 13 , 4 , 7 , 4 , 4 , 5 , 1 , 5 , 6 , 5 , 11 , 4 , 5 , 4 , 3 , 5 , 5 , 10 , 9 , 0 , 12 , 3 , 12 , 12 , 5 , 12 , 
Bins: 37 , 36 , 32 , 49 , 49 , 46 , 46 , 8 , 49 , 46 , 48 , 41 , 49 , 32 , 
Cost: 114194
time: 7.482640
nImprovAfterGreedy: 21
nImprovAfterRandom: 21
nMigrate: 111992
nSwap: 117795
n: 100
m: 50
Seed: 62746
