Items: 0 , 20 , 2 , 3 , 4 , 0 , 25 , 5 , 2 , 10 , 2 , 7 , 16 , 12 , 4 , 12 , 10 , 1 , 12 , 16 , 14 , 12 , 14 , 19 , 24 , 12 , 6 , 13 , 14 , 2 , 12 , 6 , 19 , 20 , 3 , 3 , 4 , 2 , 0 , 26 , 9 , 9 , 5 , 4 , 9 , 15 , 2 , 1 , 11 , 8 , 25 , 13 , 6 , 24 , 3 , 1 , 10 , 3 , 13 , 20 , 26 , 13 , 0 , 25 , 10 , 16 , 11 , 6 , 17 , 25 , 11 , 4 , 1 , 10 , 24 , 18 , 15 , 5 , 4 , 4 , 14 , 17 , 5 , 2 , 26 , 6 , 21 , 20 , 10 , 2 , 2 , 2 , 0 , 3 , 7 , 10 , 3 , 18 , 2 , 22 , 25 , 17 , 10 , 20 , 19 , 6 , 24 , 26 , 0 , 7 , 2 , 4 , 6 , 13 , 0 , 21 , 5 , 20 , 1 , 7 , 21 , 20 , 23 , 9 , 22 , 19 , 3 , 11 , 23 , 6 , 26 , 5 , 6 , 17 , 9 , 18 , 8 , 15 , 16 , 22 , 15 , 16 , 8 , 0 , 23 , 13 , 1 , 17 , 12 , 5 , 18 , 3 , 7 , 5 , 23 , 23 , 0 , 20 , 17 , 20 , 20 , 16 , 10 , 10 , 5 , 19 , 20 , 11 , 8 , 8 , 15 , 18 , 21 , 11 , 0 , 14 , 17 , 24 , 12 , 20 , 8 , 21 , 15 , 15 , 15 , 18 , 22 , 15 , 17 , 17 , 1 , 14 , 3 , 4 , 5 , 16 , 23 , 15 , 24 , 5 , 
Bins: 19 , 17 , 19 , 19 , 19 , 19 , 19 , 17 , 14 , 14 , 19 , 14 , 19 , 14 , 14 , 19 , 19 , 19 , 14 , 14 , 19 , 14 , 7 , 14 , 17 , 18 , 4 , 
Cost: 419078
time: 37.569517
nImprovAfterGreedy: 31
nImprovAfterRandom: 31
nMigrate: 236174
nSwap: 178553
n: 200
m: 20
Seed: 46731
