Items: 0 , 1 , 6 , 5 , 8 , 0 , 15 , 4 , 5 , 7 , 6 , 13 , 21 , 12 , 8 , 12 , 9 , 18 , 12 , 9 , 10 , 7 , 23 , 22 , 1 , 7 , 16 , 23 , 7 , 6 , 15 , 9 , 12 , 7 , 1 , 3 , 8 , 6 , 0 , 13 , 11 , 18 , 8 , 16 , 24 , 4 , 5 , 16 , 0 , 14 , 20 , 17 , 15 , 17 , 6 , 19 , 19 , 2 , 18 , 22 , 15 , 19 , 5 , 11 , 9 , 5 , 0 , 19 , 21 , 20 , 13 , 16 , 7 , 5 , 17 , 8 , 4 , 8 , 8 , 6 , 8 , 15 , 5 , 6 , 23 , 3 , 24 , 17 , 16 , 6 , 21 , 14 , 0 , 3 , 13 , 7 , 22 , 1 , 6 , 13 , 20 , 10 , 9 , 19 , 12 , 5 , 17 , 1 , 0 , 13 , 21 , 20 , 5 , 3 , 0 , 24 , 19 , 10 , 18 , 3 , 1 , 14 , 11 , 21 , 2 , 15 , 3 , 7 , 11 , 18 , 3 , 22 , 3 , 10 , 11 , 24 , 18 , 4 , 2 , 2 , 4 , 21 , 2 , 3 , 4 , 8 , 16 , 10 , 12 , 17 , 9 , 3 , 13 , 2 , 5 , 16 , 7 , 17 , 7 , 0 , 14 , 22 , 9 , 7 , 21 , 15 , 3 , 5 , 14 , 22 , 14 , 14 , 6 , 10 , 16 , 23 , 10 , 1 , 12 , 7 , 22 , 20 , 4 , 4 , 4 , 1 , 2 , 4 , 10 , 10 , 18 , 23 , 15 , 16 , 9 , 9 , 18 , 21 , 17 , 7 , 
Bins: 19 , 19 , 19 , 19 , 19 , 19 , 19 , 19 , 19 , 19 , 19 , 15 , 19 , 19 , 16 , 19 , 19 , 19 , 19 , 15 , 17 , 19 , 19 , 15 , 2 , 
Cost: 383300
time: 34.283176
nImprovAfterGreedy: 42
nImprovAfterRandom: 42
nMigrate: 226474
nSwap: 164290
n: 200
m: 20
Seed: 65075
