Items: 8 , 0 , 0 , 2 , 8 , 4 , 30 , 19 , 4 , 28 , 16 , 23 , 10 , 4 , 3 , 15 , 17 , 26 , 15 , 1 , 20 , 13 , 20 , 11 , 27 , 15 , 13 , 10 , 11 , 18 , 26 , 28 , 23 , 25 , 2 , 2 , 9 , 16 , 24 , 21 , 29 , 14 , 18 , 3 , 14 , 19 , 17 , 20 , 4 , 23 , 7 , 10 , 28 , 0 , 17 , 18 , 18 , 1 , 7 , 17 , 24 , 10 , 24 , 21 , 16 , 6 , 4 , 22 , 26 , 26 , 6 , 3 , 20 , 28 , 8 , 9 , 19 , 3 , 8 , 3 , 22 , 1 , 11 , 16 , 13 , 28 , 13 , 0 , 11 , 1 , 11 , 12 , 4 , 2 , 25 , 11 , 2 , 27 , 16 , 25 , 7 , 9 , 28 , 18 , 23 , 10 , 10 , 24 , 4 , 25 , 15 , 5 , 28 , 7 , 24 , 22 , 6 , 5 , 18 , 6 , 27 , 5 , 21 , 29 , 19 , 25 , 2 , 13 , 21 , 7 , 17 , 3 , 1 , 5 , 29 , 27 , 12 , 19 , 14 , 24 , 19 , 30 , 19 , 10 , 14 , 9 , 20 , 1 , 15 , 0 , 17 , 2 , 25 , 6 , 17 , 18 , 11 , 0 , 1 , 4 , 16 , 12 , 28 , 11 , 6 , 29 , 2 , 5 , 12 , 12 , 9 , 9 , 11 , 23 , 8 , 22 , 1 , 27 , 15 , 7 , 3 , 8 , 14 , 14 , 14 , 27 , 26 , 19 , 26 , 5 , 20 , 22 , 29 , 13 , 6 , 16 , 21 , 13 , 0 , 0 , 
Bins: 9 , 9 , 9 , 9 , 9 , 8 , 8 , 8 , 9 , 8 , 8 , 9 , 8 , 8 , 8 , 8 , 9 , 8 , 8 , 9 , 9 , 9 , 8 , 8 , 9 , 9 , 9 , 8 , 9 , 8 , 0 , 
Cost: 389773
time: 33.890760
nImprovAfterGreedy: 52
nImprovAfterRandom: 52
nMigrate: 237635
nSwap: 138498
n: 200
m: 10
Seed: 41665
