Items: 7 , 11 , 2 , 5 , 7 , 9 , 3 , 2 , 12 , 11 , 1 , 15 , 9 , 0 , 10 , 12 , 13 , 8 , 3 , 5 , 9 , 11 , 9 , 13 , 1 , 12 , 11 , 7 , 12 , 1 , 8 , 11 , 13 , 6 , 4 , 12 , 6 , 10 , 8 , 4 , 13 , 5 , 6 , 14 , 5 , 6 , 7 , 11 , 9 , 13 , 3 , 10 , 0 , 11 , 10 , 12 , 14 , 6 , 1 , 5 , 14 , 5 , 12 , 4 , 0 , 1 , 8 , 2 , 8 , 14 , 0 , 11 , 4 , 0 , 0 , 7 , 15 , 15 , 7 , 1 , 7 , 2 , 12 , 2 , 10 , 15 , 8 , 15 , 6 , 1 , 8 , 2 , 9 , 4 , 3 , 6 , 3 , 3 , 1 , 6 , 
Bins: 44 , 49 , 46 , 49 , 44 , 38 , 48 , 44 , 48 , 46 , 38 , 48 , 48 , 46 , 15 , 44 , 
Cost: 99461
time: 7.664057
nImprovAfterGreedy: 42
nImprovAfterRandom: 42
nMigrate: 89111
nSwap: 96571
n: 100
m: 50
Seed: 93966
