Items: 4 , 5 , 0 , 1 , 8 , 12 , 3 , 5 , 1 , 6 , 0 , 2 , 12 , 4 , 6 , 4 , 9 , 10 , 4 , 6 , 5 , 6 , 4 , 9 , 7 , 1 , 6 , 4 , 1 , 1 , 3 , 6 , 9 , 1 , 7 , 1 , 7 , 0 , 3 , 8 , 11 , 4 , 11 , 6 , 7 , 5 , 0 , 6 , 12 , 9 , 2 , 11 , 3 , 8 , 11 , 1 , 1 , 12 , 7 , 11 , 3 , 1 , 3 , 7 , 0 , 2 , 10 , 5 , 10 , 10 , 10 , 6 , 4 , 1 , 3 , 8 , 5 , 5 , 7 , 6 , 5 , 5 , 1 , 0 , 8 , 2 , 0 , 3 , 9 , 0 , 0 , 0 , 12 , 10 , 2 , 12 , 11 , 2 , 0 , 8 , 
Bins: 49 , 49 , 36 , 49 , 49 , 49 , 49 , 49 , 36 , 14 , 27 , 14 , 16 , 
Cost: 99262
time: 7.723933
nImprovAfterGreedy: 29
nImprovAfterRandom: 29
nMigrate: 153816
nSwap: 134006
n: 100
m: 50
Seed: 51772
