Items: 9 , 5 , 5 , 7 , 6 , 11 , 10 , 10 , 10 , 0 , 2 , 4 , 11 , 14 , 8 , 1 , 0 , 3 , 14 , 15 , 11 , 9 , 11 , 0 , 5 , 9 , 5 , 9 , 9 , 2 , 9 , 5 , 0 , 4 , 1 , 3 , 6 , 2 , 12 , 1 , 0 , 13 , 6 , 6 , 13 , 10 , 2 , 3 , 11 , 12 , 3 , 13 , 3 , 5 , 2 , 15 , 15 , 15 , 13 , 13 , 13 , 15 , 9 , 1 , 12 , 7 , 14 , 8 , 12 , 3 , 14 , 5 , 1 , 8 , 9 , 6 , 10 , 8 , 6 , 2 , 8 , 8 , 7 , 12 , 7 , 4 , 14 , 4 , 6 , 2 , 12 , 12 , 11 , 15 , 4 , 7 , 7 , 4 , 2 , 10 , 
Bins: 40 , 44 , 48 , 48 , 44 , 48 , 48 , 40 , 44 , 49 , 48 , 46 , 44 , 38 , 48 , 48 , 
Cost: 99470
time: 7.825140
nImprovAfterGreedy: 30
nImprovAfterRandom: 30
nMigrate: 118544
nSwap: 103251
n: 100
m: 50
Seed: 17674
