Items: 14 , 16 , 4 , 6 , 0 , 12 , 16 , 11 , 14 , 9 , 7 , 18 , 1 , 17 , 0 , 4 , 9 , 14 , 10 , 10 , 11 , 17 , 7 , 8 , 7 , 0 , 9 , 17 , 8 , 14 , 17 , 9 , 5 , 15 , 5 , 1 , 15 , 3 , 13 , 4 , 10 , 10 , 15 , 13 , 10 , 15 , 14 , 13 , 12 , 5 , 2 , 3 , 2 , 16 , 9 , 1 , 18 , 15 , 8 , 2 , 18 , 1 , 6 , 8 , 16 , 6 , 18 , 11 , 17 , 1 , 2 , 9 , 3 , 6 , 0 , 4 , 1 , 11 , 0 , 9 , 11 , 11 , 6 , 7 , 8 , 0 , 5 , 12 , 15 , 7 , 17 , 3 , 12 , 5 , 2 , 15 , 6 , 12 , 14 , 15 , 
Bins: 23 , 37 , 37 , 7 , 15 , 37 , 23 , 11 , 23 , 37 , 23 , 42 , 17 , 0 , 11 , 48 , 11 , 27 , 13 , 
Cost: 136799
time: 9.256004
nImprovAfterGreedy: 57
nImprovAfterRandom: 57
nMigrate: 122454
nSwap: 121971
n: 100
m: 50
Seed: 6491
