Items: 0 , 32 , 18 , 25 , 12 , 17 , 35 , 31 , 19 , 28 , 4 , 15 , 10 , 22 , 12 , 5 , 16 , 3 , 34 , 19 , 6 , 26 , 34 , 16 , 3 , 15 , 3 , 10 , 21 , 17 , 6 , 28 , 33 , 15 , 2 , 2 , 26 , 6 , 30 , 5 , 23 , 24 , 15 , 12 , 24 , 9 , 19 , 1 , 17 , 29 , 17 , 6 , 1 , 13 , 36 , 30 , 18 , 29 , 4 , 16 , 18 , 15 , 11 , 4 , 25 , 13 , 22 , 35 , 26 , 14 , 14 , 12 , 22 , 28 , 11 , 27 , 31 , 32 , 12 , 12 , 5 , 21 , 20 , 21 , 6 , 12 , 7 , 32 , 35 , 19 , 35 , 20 , 36 , 2 , 8 , 24 , 27 , 27 , 32 , 9 , 14 , 21 , 28 , 18 , 15 , 10 , 10 , 0 , 22 , 2 , 9 , 13 , 33 , 21 , 0 , 7 , 31 , 24 , 33 , 8 , 21 , 24 , 14 , 23 , 9 , 16 , 25 , 7 , 19 , 4 , 20 , 32 , 10 , 8 , 23 , 16 , 16 , 36 , 26 , 9 , 29 , 7 , 11 , 30 , 19 , 4 , 10 , 8 , 34 , 32 , 27 , 0 , 11 , 25 , 19 , 36 , 35 , 5 , 30 , 17 , 28 , 20 , 28 , 27 , 31 , 21 , 25 , 13 , 20 , 23 , 29 , 27 , 19 , 13 , 0 , 20 , 13 , 19 , 34 , 30 , 1 , 26 , 24 , 31 , 14 , 14 , 31 , 22 , 13 , 13 , 8 , 17 , 2 , 7 , 26 , 3 , 33 , 30 , 11 , 29 , 
Bins: 19 , 0 , 32 , 11 , 23 , 0 , 37 , 37 , 32 , 37 , 37 , 23 , 42 , 49 , 37 , 37 , 39 , 37 , 13 , 48 , 37 , 37 , 15 , 23 , 17 , 13 , 32 , 37 , 14 , 13 , 13 , 37 , 42 , 5 , 32 , 11 , 17 , 
Cost: 464715
time: 42.003522
nImprovAfterGreedy: 50
nImprovAfterRandom: 50
nMigrate: 163149
nSwap: 166876
n: 200
m: 50
Seed: 83689
