Items: 20 , 1 , 2 , 0 , 20 , 11 , 15 , 25 , 24 , 6 , 2 , 19 , 7 , 8 , 8 , 18 , 6 , 29 , 18 , 15 , 10 , 26 , 1 , 28 , 29 , 18 , 17 , 22 , 28 , 2 , 13 , 6 , 6 , 19 , 27 , 19 , 15 , 10 , 16 , 27 , 31 , 21 , 15 , 14 , 21 , 17 , 6 , 9 , 11 , 26 , 11 , 12 , 21 , 7 , 10 , 4 , 32 , 15 , 29 , 0 , 13 , 3 , 16 , 31 , 8 , 2 , 24 , 5 , 17 , 12 , 9 , 17 , 19 , 20 , 20 , 30 , 25 , 25 , 20 , 2 , 5 , 10 , 0 , 23 , 23 , 14 , 5 , 16 , 14 , 10 , 13 , 23 , 11 , 27 , 25 , 26 , 0 , 30 , 1 , 28 , 29 , 1 , 1 , 32 , 18 , 25 , 7 , 13 , 8 , 19 , 2 , 24 , 12 , 6 , 30 , 5 , 3 , 26 , 4 , 3 , 11 , 26 , 29 , 30 , 22 , 28 , 27 , 5 , 10 , 11 , 29 , 14 , 9 , 22 , 31 , 21 , 23 , 12 , 15 , 28 , 17 , 7 , 20 , 3 , 21 , 22 , 9 , 4 , 18 , 16 , 30 , 27 , 25 , 24 , 28 , 9 , 4 , 0 , 4 , 20 , 31 , 16 , 0 , 30 , 3 , 19 , 8 , 24 , 23 , 14 , 17 , 2 , 13 , 24 , 30 , 23 , 24 , 3 , 6 , 2 , 14 , 26 , 4 , 4 , 8 , 26 , 29 , 4 , 29 , 7 , 1 , 22 , 15 , 17 , 24 , 1 , 21 , 17 , 19 , 19 , 
Bins: 19 , 48 , 26 , 27 , 26 , 27 , 27 , 27 , 45 , 19 , 27 , 26 , 20 , 27 , 44 , 48 , 27 , 48 , 27 , 48 , 44 , 27 , 27 , 19 , 48 , 44 , 26 , 34 , 26 , 49 , 48 , 26 , 3 , 
Cost: 415975
time: 31.678423
nImprovAfterGreedy: 69
nImprovAfterRandom: 69
nMigrate: 124584
nSwap: 109713
n: 200
m: 50
Seed: 71913
