Items: 15 , 9 , 4 , 2 , 5 , 15 , 30 , 20 , 1 , 10 , 4 , 7 , 25 , 8 , 21 , 7 , 21 , 3 , 8 , 17 , 19 , 10 , 19 , 29 , 29 , 7 , 21 , 11 , 10 , 4 , 0 , 24 , 8 , 7 , 2 , 2 , 28 , 4 , 15 , 11 , 24 , 14 , 7 , 3 , 14 , 1 , 24 , 3 , 15 , 13 , 12 , 25 , 5 , 9 , 24 , 18 , 18 , 10 , 29 , 12 , 18 , 18 , 22 , 30 , 8 , 27 , 17 , 20 , 5 , 3 , 17 , 21 , 10 , 11 , 25 , 13 , 20 , 9 , 28 , 4 , 19 , 22 , 2 , 26 , 11 , 5 , 23 , 9 , 21 , 4 , 26 , 26 , 15 , 2 , 6 , 10 , 12 , 6 , 4 , 1 , 27 , 22 , 24 , 18 , 7 , 6 , 25 , 23 , 15 , 18 , 26 , 16 , 28 , 12 , 22 , 23 , 20 , 16 , 3 , 27 , 23 , 16 , 11 , 24 , 1 , 6 , 2 , 26 , 11 , 5 , 2 , 5 , 2 , 16 , 17 , 13 , 25 , 1 , 14 , 1 , 7 , 26 , 4 , 18 , 14 , 22 , 3 , 6 , 8 , 9 , 21 , 2 , 20 , 20 , 29 , 28 , 10 , 9 , 10 , 15 , 17 , 0 , 1 , 10 , 26 , 6 , 27 , 16 , 0 , 12 , 13 , 13 , 23 , 29 , 28 , 19 , 0 , 29 , 8 , 17 , 5 , 27 , 14 , 14 , 14 , 9 , 0 , 10 , 0 , 16 , 3 , 19 , 24 , 21 , 22 , 17 , 28 , 15 , 25 , 7 , 
Bins: 9 , 9 , 9 , 9 , 9 , 9 , 8 , 8 , 9 , 9 , 9 , 9 , 8 , 2 , 8 , 9 , 8 , 8 , 8 , 8 , 8 , 9 , 8 , 8 , 8 , 8 , 8 , 9 , 9 , 9 , 0 , 
Cost: 389180
time: 33.236638
nImprovAfterGreedy: 54
nImprovAfterRandom: 54
nMigrate: 202043
nSwap: 133004
n: 200
m: 10
Seed: 82871
