Items: 11 , 6 , 9 , 14 , 3 , 1 , 14 , 10 , 13 , 4 , 12 , 15 , 5 , 22 , 6 , 15 , 4 , 5 , 32 , 29 , 23 , 6 , 32 , 4 , 12 , 3 , 17 , 13 , 3 , 12 , 9 , 17 , 22 , 8 , 25 , 21 , 2 , 23 , 9 , 3 , 17 , 18 , 10 , 31 , 18 , 10 , 20 , 31 , 1 , 34 , 21 , 23 , 16 , 30 , 23 , 19 , 19 , 7 , 12 , 20 , 9 , 19 , 34 , 2 , 14 , 30 , 0 , 27 , 0 , 33 , 28 , 17 , 15 , 14 , 16 , 3 , 10 , 6 , 2 , 12 , 27 , 33 , 21 , 33 , 3 , 26 , 15 , 6 , 4 , 12 , 9 , 24 , 11 , 2 , 8 , 25 , 21 , 28 , 12 , 29 , 16 , 12 , 17 , 19 , 22 , 13 , 13 , 25 , 13 , 8 , 5 , 30 , 26 , 20 , 11 , 15 , 21 , 30 , 0 , 21 , 28 , 25 , 5 , 20 , 11 , 29 , 14 , 33 , 4 , 13 , 16 , 5 , 7 , 1 , 18 , 18 , 24 , 11 , 7 , 29 , 10 , 31 , 34 , 26 , 4 , 27 , 13 , 18 , 32 , 6 , 28 , 26 , 8 , 26 , 4 , 0 , 11 , 33 , 6 , 1 , 16 , 24 , 14 , 4 , 31 , 29 , 2 , 30 , 24 , 20 , 21 , 12 , 4 , 30 , 11 , 27 , 5 , 28 , 32 , 8 , 24 , 23 , 7 , 7 , 7 , 25 , 5 , 10 , 5 , 30 , 21 , 27 , 28 , 17 , 18 , 22 , 0 , 19 , 16 , 9 , 
Bins: 15 , 4 , 15 , 15 , 19 , 19 , 18 , 15 , 15 , 18 , 15 , 18 , 19 , 18 , 18 , 15 , 15 , 15 , 15 , 15 , 15 , 19 , 4 , 15 , 15 , 8 , 4 , 15 , 15 , 15 , 19 , 4 , 14 , 4 , 4 , 
Cost: 419755
time: 35.426447
nImprovAfterGreedy: 57
nImprovAfterRandom: 57
nMigrate: 180593
nSwap: 126048
n: 200
m: 20
Seed: 68176
