Items: 33 , 22 , 17 , 13 , 0 , 4 , 2 , 29 , 3 , 10 , 16 , 25 , 35 , 11 , 33 , 14 , 0 , 35 , 4 , 21 , 5 , 15 , 20 , 10 , 31 , 14 , 27 , 16 , 20 , 3 , 15 , 7 , 19 , 25 , 24 , 1 , 0 , 5 , 4 , 12 , 27 , 23 , 18 , 0 , 23 , 6 , 19 , 26 , 4 , 7 , 22 , 5 , 30 , 12 , 9 , 18 , 18 , 6 , 31 , 21 , 17 , 21 , 3 , 9 , 11 , 30 , 8 , 29 , 15 , 24 , 31 , 27 , 26 , 13 , 25 , 16 , 11 , 22 , 0 , 3 , 16 , 3 , 13 , 17 , 12 , 33 , 34 , 28 , 10 , 9 , 15 , 32 , 6 , 24 , 34 , 10 , 18 , 0 , 1 , 34 , 8 , 31 , 27 , 18 , 25 , 30 , 12 , 17 , 33 , 25 , 35 , 2 , 13 , 19 , 17 , 22 , 29 , 8 , 14 , 7 , 22 , 13 , 35 , 1 , 34 , 8 , 19 , 30 , 9 , 33 , 9 , 29 , 26 , 34 , 23 , 23 , 32 , 6 , 19 , 21 , 6 , 35 , 7 , 21 , 14 , 16 , 26 , 23 , 20 , 1 , 33 , 24 , 29 , 29 , 30 , 14 , 15 , 28 , 9 , 3 , 31 , 32 , 10 , 10 , 4 , 1 , 5 , 8 , 32 , 28 , 7 , 16 , 15 , 30 , 17 , 20 , 35 , 31 , 18 , 2 , 32 , 5 , 13 , 2 , 11 , 22 , 35 , 11 , 35 , 8 , 26 , 20 , 2 , 27 , 23 , 28 , 14 , 4 , 33 , 33 , 
Bins: 15 , 12 , 5 , 4 , 15 , 15 , 15 , 15 , 15 , 15 , 15 , 17 , 15 , 10 , 15 , 12 , 15 , 18 , 15 , 4 , 15 , 15 , 15 , 15 , 4 , 15 , 12 , 4 , 4 , 15 , 15 , 15 , 15 , 18 , 15 , 19 , 
Cost: 468026
time: 36.108286
nImprovAfterGreedy: 42
nImprovAfterRandom: 42
nMigrate: 215499
nSwap: 130550
n: 200
m: 20
Seed: 48242
