Items: 1 , 3 , 6 , 2 , 13 , 0 , 12 , 2 , 2 , 4 , 6 , 8 , 5 , 0 , 3 , 1 , 14 , 15 , 0 , 5 , 12 , 1 , 8 , 12 , 10 , 1 , 4 , 1 , 12 , 6 , 11 , 13 , 14 , 9 , 13 , 2 , 9 , 6 , 0 , 10 , 4 , 5 , 1 , 4 , 5 , 2 , 6 , 4 , 0 , 14 , 0 , 9 , 11 , 10 , 14 , 4 , 1 , 5 , 10 , 7 , 11 , 7 , 11 , 13 , 12 , 2 , 7 , 9 , 7 , 15 , 7 , 4 , 1 , 3 , 11 , 8 , 15 , 3 , 13 , 6 , 3 , 3 , 2 , 6 , 10 , 8 , 7 , 8 , 9 , 6 , 2 , 2 , 5 , 13 , 12 , 9 , 3 , 8 , 6 , 9 , 
Bins: 9 , 9 , 9 , 9 , 7 , 7 , 9 , 7 , 7 , 7 , 9 , 7 , 8 , 7 , 2 , 0 , 
Cost: 114516
time: 9.249708
nImprovAfterGreedy: 26
nImprovAfterRandom: 26
nMigrate: 229406
nSwap: 156974
n: 100
m: 10
Seed: 63494
