Items: 7 , 0 , 19 , 18 , 29 , 11 , 12 , 7 , 3 , 18 , 1 , 28 , 6 , 26 , 2 , 9 , 2 , 21 , 9 , 26 , 32 , 5 , 32 , 30 , 1 , 9 , 13 , 5 , 32 , 1 , 14 , 2 , 25 , 5 , 5 , 4 , 29 , 31 , 7 , 19 , 17 , 15 , 13 , 33 , 15 , 27 , 0 , 33 , 11 , 25 , 12 , 6 , 23 , 16 , 31 , 4 , 24 , 5 , 1 , 30 , 13 , 24 , 27 , 17 , 18 , 16 , 3 , 8 , 21 , 4 , 20 , 2 , 19 , 18 , 6 , 29 , 20 , 0 , 29 , 1 , 8 , 10 , 18 , 10 , 22 , 13 , 22 , 0 , 2 , 1 , 14 , 14 , 11 , 4 , 23 , 5 , 31 , 20 , 1 , 27 , 12 , 1 , 17 , 24 , 25 , 23 , 6 , 19 , 3 , 6 , 8 , 16 , 5 , 4 , 28 , 22 , 4 , 12 , 14 , 31 , 20 , 5 , 21 , 30 , 27 , 23 , 19 , 10 , 21 , 19 , 21 , 22 , 13 , 24 , 15 , 15 , 14 , 3 , 28 , 27 , 3 , 33 , 28 , 31 , 8 , 29 , 13 , 15 , 9 , 0 , 2 , 13 , 11 , 11 , 27 , 21 , 7 , 0 , 7 , 25 , 25 , 26 , 18 , 18 , 33 , 23 , 31 , 16 , 14 , 30 , 3 , 1 , 10 , 16 , 7 , 32 , 16 , 20 , 9 , 12 , 22 , 12 , 8 , 7 , 18 , 12 , 9 , 7 , 16 , 16 , 13 , 32 , 17 , 2 , 15 , 26 , 21 , 30 , 6 , 10 , 
Bins: 18 , 19 , 19 , 18 , 15 , 18 , 15 , 18 , 15 , 19 , 4 , 16 , 19 , 18 , 15 , 15 , 19 , 9 , 18 , 18 , 15 , 19 , 15 , 15 , 15 , 12 , 13 , 15 , 15 , 15 , 15 , 15 , 15 , 4 , 
Cost: 391419
time: 33.223117
nImprovAfterGreedy: 69
nImprovAfterRandom: 69
nMigrate: 169952
nSwap: 114737
n: 200
m: 20
Seed: 50357
