Items: 22 , 7 , 19 , 12 , 4 , 26 , 27 , 20 , 27 , 7 , 25 , 6 , 25 , 33 , 16 , 33 , 1 , 23 , 33 , 6 , 24 , 7 , 3 , 3 , 16 , 21 , 23 , 7 , 3 , 11 , 5 , 19 , 1 , 7 , 0 , 0 , 9 , 24 , 22 , 10 , 34 , 31 , 9 , 29 , 31 , 20 , 1 , 26 , 33 , 17 , 8 , 13 , 21 , 26 , 24 , 14 , 11 , 26 , 13 , 8 , 13 , 18 , 32 , 9 , 27 , 21 , 10 , 30 , 10 , 25 , 25 , 26 , 31 , 12 , 32 , 15 , 20 , 16 , 9 , 11 , 15 , 11 , 12 , 12 , 13 , 17 , 4 , 16 , 1 , 24 , 4 , 24 , 27 , 0 , 4 , 7 , 15 , 28 , 19 , 2 , 17 , 15 , 19 , 18 , 1 , 21 , 32 , 31 , 22 , 13 , 4 , 8 , 23 , 8 , 12 , 6 , 30 , 7 , 14 , 23 , 6 , 7 , 17 , 34 , 12 , 3 , 0 , 31 , 24 , 23 , 13 , 19 , 17 , 28 , 34 , 21 , 31 , 27 , 30 , 2 , 20 , 29 , 12 , 18 , 14 , 15 , 0 , 28 , 5 , 19 , 16 , 0 , 32 , 2 , 2 , 14 , 22 , 28 , 22 , 11 , 34 , 10 , 27 , 14 , 29 , 3 , 23 , 20 , 5 , 8 , 15 , 28 , 4 , 21 , 22 , 5 , 28 , 6 , 33 , 22 , 29 , 18 , 30 , 30 , 17 , 26 , 2 , 22 , 1 , 20 , 5 , 18 , 0 , 16 , 7 , 25 , 14 , 30 , 32 , 2 , 
Bins: 9 , 8 , 8 , 8 , 8 , 8 , 8 , 9 , 8 , 3 , 6 , 3 , 9 , 8 , 8 , 8 , 9 , 8 , 8 , 8 , 8 , 8 , 9 , 9 , 8 , 8 , 8 , 9 , 8 , 3 , 8 , 8 , 8 , 8 , 8 , 
Cost: 420543
time: 36.561137
nImprovAfterGreedy: 45
nImprovAfterRandom: 45
nMigrate: 226660
nSwap: 132568
n: 200
m: 10
Seed: 94130
