Items: 4 , 28 , 12 , 2 , 0 , 30 , 12 , 15 , 4 , 11 , 1 , 29 , 18 , 3 , 30 , 5 , 9 , 22 , 5 , 3 , 18 , 11 , 18 , 19 , 10 , 5 , 30 , 32 , 11 , 1 , 25 , 30 , 13 , 7 , 0 , 13 , 0 , 1 , 12 , 4 , 14 , 22 , 7 , 31 , 26 , 7 , 4 , 31 , 4 , 33 , 28 , 8 , 25 , 20 , 8 , 13 , 12 , 7 , 1 , 19 , 12 , 23 , 25 , 0 , 3 , 20 , 29 , 16 , 33 , 14 , 27 , 30 , 32 , 2 , 25 , 24 , 15 , 28 , 0 , 1 , 24 , 33 , 2 , 1 , 8 , 6 , 9 , 25 , 9 , 1 , 9 , 16 , 4 , 13 , 9 , 11 , 10 , 10 , 1 , 23 , 6 , 10 , 8 , 23 , 29 , 32 , 32 , 21 , 4 , 23 , 22 , 20 , 2 , 13 , 2 , 28 , 13 , 2 , 22 , 21 , 28 , 2 , 22 , 14 , 7 , 19 , 12 , 6 , 22 , 15 , 8 , 17 , 1 , 18 , 14 , 27 , 16 , 7 , 26 , 23 , 7 , 31 , 33 , 21 , 9 , 24 , 32 , 27 , 5 , 17 , 10 , 21 , 15 , 26 , 9 , 27 , 11 , 6 , 11 , 30 , 3 , 17 , 27 , 11 , 31 , 19 , 21 , 20 , 16 , 19 , 24 , 24 , 9 , 20 , 11 , 16 , 20 , 10 , 5 , 29 , 17 , 8 , 26 , 26 , 21 , 28 , 5 , 15 , 20 , 20 , 22 , 18 , 13 , 10 , 26 , 3 , 22 , 26 , 6 , 6 , 
Bins: 15 , 19 , 18 , 18 , 18 , 19 , 4 , 18 , 15 , 19 , 19 , 18 , 18 , 15 , 15 , 15 , 15 , 15 , 15 , 15 , 19 , 18 , 19 , 15 , 15 , 15 , 15 , 10 , 15 , 16 , 15 , 4 , 15 , 15 , 
Cost: 391597
time: 31.754835
nImprovAfterGreedy: 49
nImprovAfterRandom: 49
nMigrate: 141510
nSwap: 104851
n: 200
m: 20
Seed: 58231
