Items: 24 , 5 , 19 , 14 , 3 , 24 , 7 , 24 , 14 , 1 , 19 , 22 , 7 , 4 , 3 , 1 , 3 , 12 , 2 , 12 , 8 , 11 , 2 , 12 , 19 , 11 , 21 , 9 , 11 , 19 , 13 , 1 , 1 , 11 , 14 , 14 , 3 , 0 , 24 , 16 , 21 , 17 , 3 , 3 , 0 , 11 , 18 , 23 , 24 , 6 , 5 , 9 , 2 , 5 , 15 , 14 , 22 , 11 , 19 , 15 , 22 , 10 , 13 , 19 , 7 , 4 , 4 , 9 , 23 , 7 , 10 , 3 , 9 , 12 , 13 , 18 , 7 , 17 , 3 , 19 , 17 , 15 , 14 , 2 , 16 , 4 , 15 , 18 , 3 , 15 , 11 , 6 , 16 , 14 , 22 , 11 , 14 , 18 , 19 , 20 , 4 , 10 , 1 , 22 , 1 , 9 , 9 , 13 , 24 , 22 , 8 , 4 , 15 , 14 , 24 , 17 , 5 , 8 , 23 , 0 , 5 , 8 , 12 , 21 , 20 , 6 , 14 , 4 , 12 , 9 , 15 , 16 , 9 , 8 , 21 , 23 , 6 , 7 , 0 , 20 , 11 , 21 , 12 , 10 , 12 , 10 , 9 , 10 , 1 , 18 , 18 , 14 , 22 , 16 , 12 , 23 , 11 , 18 , 15 , 8 , 7 , 16 , 1 , 11 , 24 , 2 , 0 , 8 , 6 , 6 , 11 , 18 , 13 , 4 , 24 , 17 , 8 , 13 , 2 , 22 , 16 , 5 , 0 , 0 , 17 , 5 , 20 , 9 , 8 , 8 , 1 , 17 , 11 , 21 , 10 , 7 , 23 , 24 , 13 , 13 , 
Bins: 36 , 49 , 40 , 49 , 49 , 45 , 14 , 49 , 49 , 49 , 14 , 49 , 49 , 49 , 49 , 36 , 49 , 45 , 36 , 49 , 11 , 36 , 49 , 36 , 49 , 
Cost: 389063
time: 30.792821
nImprovAfterGreedy: 56
nImprovAfterRandom: 56
nMigrate: 157194
nSwap: 137197
n: 200
m: 50
Seed: 24544
