Items: 0 , 1 , 3 , 13 , 0 , 14 , 4 , 15 , 9 , 7 , 16 , 11 , 14 , 10 , 10 , 3 , 6 , 4 , 10 , 13 , 1 , 9 , 1 , 6 , 8 , 12 , 4 , 9 , 12 , 3 , 9 , 7 , 7 , 15 , 5 , 12 , 15 , 16 , 0 , 0 , 6 , 6 , 6 , 0 , 5 , 15 , 3 , 4 , 14 , 7 , 17 , 2 , 2 , 8 , 16 , 12 , 11 , 15 , 8 , 13 , 11 , 13 , 2 , 5 , 5 , 12 , 11 , 2 , 7 , 17 , 17 , 13 , 10 , 12 , 2 , 3 , 8 , 1 , 0 , 16 , 1 , 14 , 12 , 16 , 16 , 8 , 7 , 1 , 15 , 14 , 3 , 0 , 14 , 5 , 17 , 15 , 13 , 17 , 9 , 15 , 
Bins: 42 , 42 , 37 , 13 , 11 , 23 , 17 , 37 , 37 , 11 , 27 , 13 , 23 , 37 , 39 , 48 , 23 , 37 , 
Cost: 137062
time: 9.901197
nImprovAfterGreedy: 29
nImprovAfterRandom: 29
nMigrate: 148554
nSwap: 139855
n: 100
m: 50
Seed: 70457
