Items: 8 , 2 , 2 , 1 , 4 , 9 , 16 , 23 , 16 , 13 , 11 , 0 , 23 , 24 , 4 , 24 , 18 , 20 , 24 , 9 , 6 , 13 , 6 , 17 , 20 , 13 , 8 , 11 , 13 , 2 , 8 , 2 , 24 , 13 , 12 , 15 , 19 , 6 , 8 , 0 , 22 , 14 , 19 , 4 , 14 , 13 , 11 , 8 , 5 , 18 , 5 , 17 , 4 , 15 , 2 , 13 , 25 , 13 , 20 , 17 , 8 , 25 , 1 , 19 , 16 , 5 , 16 , 11 , 12 , 23 , 0 , 4 , 9 , 1 , 7 , 21 , 15 , 4 , 19 , 2 , 11 , 3 , 1 , 3 , 1 , 4 , 3 , 21 , 18 , 2 , 3 , 7 , 16 , 12 , 0 , 13 , 1 , 21 , 2 , 0 , 5 , 10 , 2 , 25 , 18 , 11 , 11 , 15 , 16 , 0 , 3 , 5 , 22 , 23 , 1 , 9 , 23 , 10 , 14 , 15 , 9 , 19 , 20 , 22 , 13 , 17 , 25 , 3 , 20 , 21 , 8 , 4 , 11 , 10 , 22 , 11 , 7 , 16 , 14 , 6 , 16 , 23 , 2 , 15 , 20 , 19 , 11 , 10 , 24 , 21 , 14 , 15 , 0 , 16 , 20 , 25 , 13 , 21 , 10 , 19 , 7 , 17 , 18 , 13 , 23 , 3 , 15 , 5 , 7 , 17 , 18 , 21 , 3 , 24 , 13 , 7 , 10 , 20 , 24 , 2 , 4 , 19 , 14 , 14 , 14 , 15 , 8 , 21 , 10 , 10 , 10 , 6 , 10 , 18 , 19 , 23 , 25 , 16 , 8 , 8 , 
Bins: 49 , 36 , 49 , 45 , 49 , 36 , 27 , 14 , 49 , 27 , 49 , 49 , 4 , 49 , 36 , 49 , 49 , 36 , 36 , 49 , 49 , 36 , 25 , 45 , 49 , 36 , 
Cost: 389097
time: 30.992653
nImprovAfterGreedy: 48
nImprovAfterRandom: 48
nMigrate: 143298
nSwap: 139366
n: 200
m: 50
Seed: 2720
