Items: 9 , 0 , 9 , 6 , 12 , 7 , 6 , 6 , 6 , 1 , 3 , 15 , 14 , 17 , 16 , 13 , 10 , 3 , 8 , 8 , 5 , 2 , 14 , 10 , 3 , 11 , 1 , 5 , 11 , 3 , 2 , 1 , 1 , 11 , 4 , 11 , 12 , 5 , 9 , 9 , 10 , 8 , 6 , 16 , 8 , 7 , 0 , 13 , 7 , 2 , 0 , 5 , 12 , 14 , 0 , 11 , 17 , 7 , 3 , 0 , 9 , 11 , 2 , 15 , 17 , 6 , 15 , 13 , 2 , 4 , 12 , 7 , 16 , 11 , 12 , 14 , 4 , 16 , 12 , 16 , 13 , 2 , 6 , 3 , 5 , 6 , 1 , 14 , 10 , 3 , 9 , 9 , 7 , 4 , 1 , 10 , 0 , 4 , 3 , 8 , 
Bins: 15 , 15 , 15 , 19 , 15 , 15 , 18 , 15 , 15 , 18 , 16 , 15 , 15 , 4 , 15 , 4 , 11 , 4 , 
Cost: 114797
time: 8.921025
nImprovAfterGreedy: 43
nImprovAfterRandom: 43
nMigrate: 139868
nSwap: 123264
n: 100
m: 20
Seed: 48253
