Items: 12 , 8 , 13 , 6 , 15 , 1 , 13 , 6 , 6 , 5 , 13 , 10 , 4 , 7 , 8 , 12 , 5 , 6 , 7 , 7 , 8 , 17 , 16 , 17 , 14 , 9 , 12 , 12 , 17 , 4 , 15 , 5 , 5 , 10 , 14 , 6 , 3 , 11 , 16 , 2 , 3 , 3 , 3 , 16 , 0 , 1 , 5 , 16 , 1 , 0 , 4 , 3 , 15 , 2 , 11 , 9 , 9 , 1 , 0 , 11 , 13 , 9 , 12 , 14 , 13 , 6 , 0 , 9 , 0 , 4 , 7 , 1 , 12 , 6 , 15 , 15 , 2 , 8 , 14 , 4 , 9 , 11 , 6 , 13 , 2 , 8 , 5 , 8 , 3 , 11 , 13 , 0 , 1 , 14 , 10 , 17 , 11 , 10 , 4 , 10 , 
Bins: 8 , 8 , 8 , 8 , 8 , 8 , 9 , 8 , 9 , 8 , 8 , 8 , 8 , 9 , 8 , 8 , 3 , 2 , 
Cost: 115038
time: 8.705662
nImprovAfterGreedy: 42
nImprovAfterRandom: 42
nMigrate: 195594
nSwap: 112925
n: 100
m: 10
Seed: 97200
