Items: 12 , 7 , 1 , 2 , 12 , 1 , 8 , 2 , 9 , 10 , 3 , 1 , 1 , 15 , 7 , 15 , 10 , 3 , 15 , 8 , 0 , 11 , 12 , 10 , 3 , 11 , 14 , 11 , 11 , 3 , 5 , 7 , 10 , 6 , 13 , 4 , 6 , 11 , 5 , 13 , 10 , 8 , 6 , 14 , 16 , 6 , 9 , 0 , 1 , 8 , 4 , 11 , 5 , 16 , 11 , 3 , 14 , 6 , 3 , 2 , 14 , 4 , 8 , 13 , 16 , 2 , 5 , 0 , 5 , 4 , 2 , 4 , 15 , 16 , 12 , 12 , 4 , 7 , 12 , 3 , 7 , 0 , 2 , 0 , 16 , 7 , 5 , 7 , 6 , 3 , 9 , 9 , 1 , 13 , 9 , 6 , 2 , 9 , 3 , 6 , 
Bins: 26 , 26 , 19 , 49 , 48 , 48 , 48 , 44 , 27 , 27 , 19 , 27 , 27 , 24 , 10 , 27 , 24 , 
Cost: 113078
time: 8.971497
nImprovAfterGreedy: 41
nImprovAfterRandom: 41
nMigrate: 125355
nSwap: 132222
n: 100
m: 50
Seed: 69584
