Items: 10 , 9 , 4 , 8 , 2 , 6 , 6 , 9 , 8 , 5 , 4 , 3 , 0 , 10 , 5 , 10 , 2 , 0 , 10 , 5 , 9 , 5 , 10 , 2 , 12 , 8 , 5 , 10 , 2 , 7 , 7 , 5 , 0 , 8 , 12 , 8 , 2 , 4 , 7 , 1 , 12 , 1 , 2 , 5 , 1 , 8 , 4 , 5 , 6 , 0 , 3 , 6 , 7 , 1 , 11 , 8 , 7 , 6 , 12 , 11 , 7 , 8 , 7 , 12 , 4 , 8 , 6 , 9 , 0 , 0 , 3 , 5 , 10 , 8 , 7 , 2 , 9 , 9 , 2 , 5 , 9 , 9 , 8 , 4 , 1 , 0 , 4 , 9 , 2 , 4 , 4 , 4 , 6 , 11 , 3 , 12 , 11 , 3 , 4 , 1 , 
Bins: 46 , 46 , 49 , 37 , 49 , 49 , 46 , 49 , 49 , 49 , 49 , 12 , 46 , 
Cost: 96890
time: 7.154980
nImprovAfterGreedy: 31
nImprovAfterRandom: 31
nMigrate: 124303
nSwap: 115902
n: 100
m: 50
Seed: 93852
