Items: 1 , 0 , 15 , 17 , 6 , 3 , 10 , 24 , 36 , 15 , 7 , 22 , 6 , 25 , 2 , 0 , 26 , 13 , 31 , 4 , 19 , 19 , 31 , 4 , 13 , 21 , 33 , 27 , 23 , 7 , 34 , 15 , 16 , 21 , 28 , 8 , 14 , 7 , 34 , 36 , 14 , 20 , 0 , 1 , 20 , 12 , 16 , 3 , 3 , 32 , 9 , 27 , 24 , 36 , 15 , 8 , 8 , 3 , 21 , 4 , 10 , 8 , 34 , 14 , 26 , 17 , 25 , 24 , 23 , 5 , 9 , 3 , 27 , 17 , 14 , 6 , 11 , 29 , 6 , 29 , 28 , 33 , 29 , 7 , 30 , 17 , 30 , 0 , 26 , 7 , 10 , 32 , 12 , 28 , 9 , 21 , 33 , 21 , 7 , 9 , 1 , 6 , 15 , 8 , 0 , 27 , 36 , 11 , 21 , 10 , 29 , 9 , 17 , 16 , 1 , 30 , 24 , 19 , 2 , 11 , 3 , 19 , 18 , 23 , 35 , 4 , 16 , 33 , 18 , 21 , 18 , 30 , 27 , 35 , 20 , 20 , 35 , 12 , 16 , 34 , 12 , 6 , 5 , 34 , 18 , 28 , 27 , 20 , 31 , 13 , 15 , 12 , 24 , 24 , 4 , 18 , 10 , 13 , 2 , 14 , 32 , 22 , 26 , 26 , 5 , 4 , 11 , 5 , 32 , 22 , 29 , 29 , 7 , 25 , 1 , 32 , 35 , 13 , 31 , 28 , 30 , 19 , 17 , 2 , 25 , 11 , 5 , 25 , 36 , 35 , 26 , 28 , 10 , 33 , 20 , 22 , 18 , 33 , 13 , 13 , 
Bins: 4 , 15 , 3 , 15 , 15 , 15 , 15 , 12 , 15 , 15 , 13 , 15 , 4 , 18 , 15 , 15 , 4 , 10 , 15 , 3 , 15 , 15 , 15 , 1 , 15 , 13 , 12 , 15 , 15 , 16 , 15 , 12 , 14 , 15 , 15 , 12 , 13 , 
Cost: 468826
time: 44.469475
nImprovAfterGreedy: 42
nImprovAfterRandom: 42
nMigrate: 256802
nSwap: 188026
n: 200
m: 20
Seed: 72293
