Items: 21 , 2 , 21 , 19 , 4 , 16 , 13 , 9 , 16 , 0 , 22 , 23 , 7 , 12 , 4 , 21 , 4 , 7 , 20 , 20 , 5 , 0 , 2 , 8 , 2 , 21 , 15 , 17 , 0 , 22 , 21 , 4 , 18 , 23 , 3 , 3 , 4 , 5 , 21 , 3 , 15 , 11 , 9 , 15 , 10 , 16 , 22 , 14 , 13 , 18 , 20 , 17 , 1 , 10 , 3 , 13 , 13 , 16 , 6 , 8 , 13 , 13 , 1 , 6 , 12 , 7 , 16 , 17 , 7 , 7 , 12 , 9 , 17 , 19 , 1 , 0 , 12 , 4 , 4 , 22 , 17 , 8 , 19 , 22 , 10 , 0 , 22 , 2 , 0 , 22 , 22 , 24 , 16 , 3 , 23 , 0 , 19 , 2 , 22 , 23 , 6 , 0 , 15 , 13 , 18 , 17 , 17 , 1 , 16 , 23 , 22 , 12 , 14 , 9 , 19 , 20 , 9 , 9 , 14 , 5 , 2 , 9 , 6 , 7 , 16 , 8 , 3 , 0 , 6 , 3 , 1 , 10 , 17 , 11 , 15 , 14 , 1 , 16 , 5 , 23 , 16 , 15 , 18 , 3 , 14 , 19 , 17 , 11 , 21 , 10 , 4 , 3 , 23 , 3 , 19 , 14 , 0 , 10 , 11 , 4 , 12 , 24 , 19 , 0 , 9 , 8 , 5 , 7 , 24 , 8 , 18 , 18 , 22 , 11 , 0 , 24 , 11 , 2 , 20 , 12 , 10 , 9 , 5 , 5 , 12 , 9 , 21 , 12 , 11 , 11 , 11 , 24 , 15 , 15 , 9 , 12 , 14 , 13 , 1 , 21 , 
Bins: 49 , 46 , 48 , 49 , 49 , 46 , 44 , 49 , 46 , 49 , 49 , 49 , 49 , 49 , 49 , 49 , 49 , 49 , 46 , 46 , 44 , 49 , 49 , 49 , 37 , 
Cost: 382940
time: 29.840041
nImprovAfterGreedy: 45
nImprovAfterRandom: 45
nMigrate: 145025
nSwap: 125474
n: 200
m: 50
Seed: 79660
