Items: 8 , 17 , 17 , 11 , 5 , 14 , 15 , 15 , 15 , 18 , 16 , 2 , 33 , 26 , 18 , 5 , 6 , 21 , 26 , 7 , 9 , 13 , 26 , 24 , 1 , 2 , 25 , 3 , 24 , 16 , 0 , 34 , 36 , 2 , 8 , 31 , 29 , 9 , 15 , 8 , 7 , 22 , 6 , 27 , 22 , 10 , 6 , 27 , 14 , 13 , 31 , 19 , 20 , 10 , 19 , 36 , 34 , 12 , 1 , 35 , 0 , 2 , 3 , 9 , 34 , 8 , 14 , 23 , 20 , 21 , 26 , 25 , 18 , 18 , 3 , 5 , 10 , 18 , 1 , 16 , 23 , 28 , 11 , 30 , 13 , 20 , 23 , 35 , 19 , 16 , 17 , 17 , 33 , 36 , 5 , 24 , 11 , 24 , 16 , 32 , 30 , 26 , 34 , 29 , 2 , 3 , 3 , 0 , 8 , 2 , 30 , 31 , 11 , 36 , 17 , 23 , 31 , 35 , 29 , 31 , 24 , 13 , 30 , 16 , 33 , 19 , 15 , 28 , 30 , 25 , 19 , 4 , 12 , 33 , 22 , 22 , 30 , 10 , 12 , 32 , 10 , 27 , 1 , 32 , 6 , 1 , 21 , 22 , 36 , 4 , 18 , 21 , 25 , 25 , 6 , 29 , 8 , 35 , 18 , 14 , 35 , 20 , 34 , 24 , 27 , 20 , 9 , 6 , 4 , 6 , 13 , 13 , 30 , 28 , 5 , 23 , 30 , 7 , 36 , 8 , 4 , 19 , 12 , 12 , 12 , 32 , 32 , 21 , 30 , 33 , 21 , 14 , 8 , 25 , 22 , 28 , 29 , 15 , 3 , 7 , 
Bins: 3 , 15 , 15 , 15 , 4 , 4 , 15 , 4 , 18 , 4 , 15 , 3 , 15 , 16 , 15 , 13 , 12 , 15 , 18 , 15 , 12 , 13 , 15 , 15 , 15 , 15 , 15 , 4 , 4 , 15 , 19 , 12 , 15 , 15 , 4 , 4 , 15 , 
Cost: 468242
time: 37.243172
nImprovAfterGreedy: 51
nImprovAfterRandom: 51
nMigrate: 189482
nSwap: 139828
n: 200
m: 20
Seed: 43281
