Items: 14 , 7 , 7 , 3 , 8 , 16 , 2 , 15 , 3 , 17 , 7 , 10 , 15 , 9 , 9 , 11 , 0 , 3 , 4 , 9 , 2 , 6 , 14 , 18 , 13 , 1 , 14 , 3 , 1 , 17 , 6 , 0 , 0 , 1 , 4 , 1 , 8 , 7 , 16 , 5 , 14 , 13 , 12 , 17 , 13 , 15 , 0 , 16 , 0 , 6 , 16 , 12 , 8 , 5 , 12 , 1 , 17 , 9 , 13 , 12 , 13 , 1 , 6 , 18 , 0 , 3 , 10 , 2 , 6 , 15 , 8 , 9 , 14 , 1 , 8 , 11 , 5 , 11 , 8 , 17 , 11 , 6 , 3 , 7 , 5 , 3 , 10 , 11 , 17 , 12 , 18 , 7 , 15 , 15 , 10 , 18 , 12 , 10 , 3 , 13 , 
Bins: 16 , 15 , 3 , 18 , 0 , 15 , 15 , 15 , 15 , 13 , 15 , 4 , 15 , 15 , 15 , 15 , 4 , 15 , 4 , 
Cost: 139480
time: 9.538019
nImprovAfterGreedy: 33
nImprovAfterRandom: 33
nMigrate: 148855
nSwap: 137861
n: 100
m: 20
Seed: 72583
