Items: 15 , 5 , 27 , 2 , 23 , 14 , 20 , 5 , 9 , 30 , 7 , 13 , 19 , 25 , 23 , 12 , 3 , 19 , 12 , 26 , 22 , 6 , 16 , 25 , 11 , 1 , 3 , 16 , 25 , 7 , 9 , 3 , 13 , 1 , 28 , 1 , 11 , 7 , 12 , 13 , 28 , 8 , 24 , 23 , 8 , 1 , 7 , 30 , 14 , 6 , 25 , 0 , 18 , 21 , 7 , 9 , 27 , 26 , 15 , 21 , 27 , 1 , 18 , 30 , 3 , 2 , 29 , 5 , 31 , 19 , 21 , 1 , 30 , 2 , 18 , 16 , 5 , 4 , 23 , 7 , 26 , 20 , 2 , 10 , 10 , 17 , 12 , 4 , 3 , 7 , 9 , 10 , 14 , 28 , 0 , 22 , 11 , 11 , 7 , 22 , 17 , 21 , 20 , 27 , 13 , 18 , 19 , 24 , 15 , 1 , 9 , 6 , 2 , 30 , 0 , 26 , 5 , 6 , 5 , 24 , 25 , 6 , 22 , 19 , 29 , 0 , 13 , 20 , 22 , 15 , 15 , 4 , 17 , 29 , 8 , 8 , 10 , 0 , 17 , 18 , 1 , 20 , 31 , 24 , 9 , 16 , 30 , 8 , 12 , 4 , 11 , 24 , 14 , 2 , 22 , 28 , 29 , 4 , 21 , 3 , 21 , 26 , 4 , 3 , 19 , 25 , 17 , 29 , 10 , 2 , 6 , 6 , 9 , 29 , 0 , 10 , 9 , 11 , 12 , 21 , 23 , 31 , 24 , 5 , 17 , 24 , 15 , 5 , 9 , 29 , 3 , 16 , 20 , 11 , 8 , 26 , 23 , 12 , 17 , 1 , 
Bins: 44 , 48 , 44 , 48 , 44 , 48 , 46 , 48 , 38 , 48 , 39 , 49 , 48 , 44 , 27 , 27 , 38 , 44 , 38 , 48 , 44 , 46 , 38 , 44 , 44 , 48 , 48 , 13 , 18 , 48 , 44 , 5 , 
Cost: 416373
time: 31.714167
nImprovAfterGreedy: 81
nImprovAfterRandom: 81
nMigrate: 126313
nSwap: 111251
n: 200
m: 50
Seed: 83301
