Items: 6 , 22 , 10 , 30 , 24 , 27 , 33 , 25 , 33 , 18 , 29 , 5 , 8 , 0 , 5 , 15 , 18 , 9 , 0 , 0 , 13 , 12 , 6 , 20 , 17 , 15 , 26 , 6 , 15 , 10 , 28 , 18 , 18 , 31 , 14 , 34 , 12 , 13 , 10 , 14 , 20 , 27 , 4 , 19 , 27 , 17 , 18 , 1 , 27 , 28 , 25 , 13 , 9 , 8 , 13 , 23 , 26 , 30 , 17 , 35 , 26 , 35 , 28 , 4 , 33 , 11 , 11 , 29 , 11 , 1 , 6 , 16 , 21 , 4 , 4 , 29 , 2 , 3 , 4 , 10 , 29 , 10 , 3 , 25 , 32 , 24 , 0 , 22 , 11 , 17 , 17 , 22 , 27 , 30 , 5 , 20 , 3 , 15 , 10 , 7 , 24 , 34 , 10 , 26 , 22 , 8 , 8 , 21 , 6 , 5 , 9 , 14 , 9 , 18 , 24 , 3 , 25 , 16 , 23 , 16 , 25 , 16 , 20 , 35 , 7 , 7 , 30 , 19 , 20 , 24 , 35 , 25 , 8 , 34 , 0 , 8 , 21 , 2 , 31 , 7 , 12 , 19 , 4 , 34 , 17 , 29 , 21 , 34 , 32 , 27 , 15 , 30 , 5 , 28 , 17 , 23 , 17 , 22 , 23 , 1 , 31 , 33 , 2 , 15 , 35 , 0 , 19 , 11 , 32 , 3 , 12 , 15 , 7 , 34 , 6 , 32 , 11 , 17 , 18 , 31 , 6 , 13 , 16 , 23 , 2 , 25 , 1 , 2 , 11 , 11 , 34 , 32 , 14 , 12 , 10 , 31 , 23 , 35 , 28 , 28 , 
Bins: 48 , 14 , 15 , 23 , 42 , 42 , 42 , 23 , 37 , 11 , 42 , 49 , 11 , 37 , 11 , 37 , 5 , 48 , 37 , 14 , 23 , 11 , 14 , 39 , 23 , 37 , 13 , 39 , 37 , 37 , 13 , 13 , 37 , 11 , 48 , 37 , 
Cost: 465404
time: 39.276058
nImprovAfterGreedy: 54
nImprovAfterRandom: 54
nMigrate: 150896
nSwap: 152041
n: 200
m: 50
Seed: 43115
