Items: 10 , 0 , 0 , 2 , 1 , 14 , 14 , 12 , 12 , 15 , 11 , 7 , 8 , 10 , 1 , 10 , 3 , 8 , 10 , 2 , 4 , 9 , 10 , 9 , 11 , 9 , 15 , 9 , 9 , 12 , 13 , 3 , 3 , 9 , 6 , 12 , 1 , 4 , 14 , 5 , 15 , 6 , 12 , 15 , 6 , 0 , 3 , 15 , 14 , 0 , 12 , 4 , 13 , 5 , 4 , 15 , 8 , 14 , 11 , 2 , 13 , 2 , 13 , 11 , 3 , 5 , 6 , 0 , 6 , 8 , 2 , 15 , 10 , 2 , 13 , 5 , 2 , 1 , 1 , 4 , 1 , 4 , 12 , 11 , 5 , 1 , 3 , 7 , 9 , 4 , 0 , 0 , 14 , 6 , 7 , 9 , 12 , 7 , 11 , 7 , 
Bins: 8 , 9 , 8 , 8 , 8 , 9 , 8 , 8 , 1 , 9 , 9 , 9 , 9 , 8 , 9 , 8 , 
Cost: 99863
time: 7.243228
nImprovAfterGreedy: 26
nImprovAfterRandom: 26
nMigrate: 181681
nSwap: 98283
n: 100
m: 10
Seed: 82553
