Items: 13 , 6 , 2 , 8 , 7 , 5 , 1 , 6 , 2 , 10 , 2 , 11 , 12 , 5 , 7 , 13 , 10 , 12 , 3 , 14 , 2 , 13 , 3 , 10 , 9 , 13 , 14 , 13 , 13 , 2 , 13 , 10 , 10 , 11 , 0 , 8 , 7 , 2 , 13 , 4 , 14 , 14 , 7 , 14 , 9 , 6 , 2 , 3 , 5 , 6 , 8 , 4 , 3 , 4 , 2 , 7 , 14 , 5 , 9 , 8 , 14 , 8 , 13 , 15 , 1 , 4 , 5 , 6 , 0 , 12 , 3 , 11 , 1 , 13 , 15 , 7 , 12 , 7 , 7 , 2 , 7 , 6 , 8 , 6 , 4 , 7 , 10 , 11 , 10 , 2 , 5 , 6 , 5 , 0 , 1 , 5 , 8 , 11 , 2 , 11 , 
Bins: 0 , 11 , 49 , 36 , 32 , 46 , 46 , 49 , 46 , 0 , 46 , 36 , 8 , 49 , 36 , 0 , 
Cost: 113590
time: 7.886872
nImprovAfterGreedy: 24
nImprovAfterRandom: 24
nMigrate: 102892
nSwap: 125025
n: 100
m: 50
Seed: 60406
