Items: 24 , 6 , 22 , 2 , 13 , 32 , 1 , 24 , 5 , 17 , 21 , 20 , 4 , 0 , 5 , 15 , 17 , 14 , 26 , 14 , 19 , 6 , 25 , 28 , 12 , 20 , 10 , 25 , 11 , 21 , 26 , 17 , 3 , 20 , 2 , 9 , 13 , 19 , 24 , 11 , 22 , 28 , 10 , 31 , 6 , 32 , 12 , 7 , 32 , 16 , 1 , 19 , 25 , 6 , 19 , 3 , 8 , 32 , 21 , 28 , 10 , 20 , 30 , 33 , 0 , 2 , 5 , 15 , 6 , 3 , 27 , 17 , 15 , 2 , 30 , 13 , 31 , 23 , 13 , 21 , 15 , 29 , 2 , 29 , 8 , 10 , 26 , 23 , 17 , 21 , 21 , 16 , 5 , 3 , 1 , 11 , 9 , 12 , 21 , 27 , 33 , 9 , 0 , 8 , 20 , 25 , 30 , 11 , 5 , 20 , 33 , 1 , 2 , 3 , 7 , 15 , 6 , 1 , 19 , 18 , 12 , 2 , 14 , 33 , 4 , 7 , 24 , 29 , 14 , 11 , 33 , 31 , 10 , 4 , 22 , 12 , 4 , 5 , 18 , 27 , 32 , 29 , 24 , 9 , 14 , 13 , 10 , 9 , 26 , 23 , 17 , 10 , 30 , 9 , 14 , 27 , 11 , 23 , 24 , 32 , 16 , 28 , 17 , 17 , 7 , 29 , 18 , 1 , 16 , 28 , 23 , 21 , 21 , 9 , 24 , 16 , 4 , 12 , 26 , 14 , 31 , 6 , 18 , 18 , 0 , 6 , 26 , 11 , 4 , 4 , 10 , 25 , 0 , 9 , 6 , 0 , 14 , 24 , 30 , 22 , 
Bins: 17 , 19 , 18 , 12 , 19 , 18 , 19 , 15 , 4 , 19 , 18 , 18 , 15 , 15 , 19 , 15 , 12 , 19 , 15 , 15 , 15 , 19 , 16 , 11 , 18 , 15 , 19 , 10 , 15 , 15 , 15 , 4 , 15 , 15 , 
Cost: 391710
time: 33.339423
nImprovAfterGreedy: 67
nImprovAfterRandom: 67
nMigrate: 151304
nSwap: 116498
n: 200
m: 20
Seed: 91207
