Items: 9 , 10 , 0 , 11 , 2 , 12 , 8 , 11 , 11 , 4 , 0 , 1 , 3 , 14 , 2 , 9 , 2 , 3 , 14 , 13 , 10 , 4 , 10 , 4 , 5 , 4 , 9 , 10 , 4 , 0 , 9 , 2 , 7 , 4 , 7 , 11 , 8 , 0 , 12 , 6 , 8 , 9 , 11 , 2 , 9 , 11 , 7 , 12 , 12 , 7 , 11 , 6 , 9 , 6 , 12 , 13 , 4 , 12 , 5 , 11 , 9 , 13 , 13 , 8 , 13 , 6 , 1 , 10 , 7 , 3 , 14 , 2 , 4 , 13 , 13 , 10 , 3 , 10 , 2 , 0 , 10 , 0 , 11 , 0 , 6 , 2 , 0 , 10 , 4 , 0 , 7 , 7 , 12 , 7 , 8 , 4 , 11 , 1 , 0 , 5 , 
Bins: 49 , 1 , 46 , 8 , 49 , 3 , 32 , 46 , 37 , 46 , 49 , 49 , 46 , 46 , 0 , 
Cost: 113495
time: 8.118849
nImprovAfterGreedy: 27
nImprovAfterRandom: 27
nMigrate: 113288
nSwap: 131396
n: 100
m: 50
Seed: 32504
