Items: 14 , 0 , 3 , 15 , 5 , 4 , 11 , 13 , 12 , 8 , 12 , 0 , 0 , 4 , 5 , 3 , 5 , 2 , 6 , 10 , 13 , 8 , 0 , 14 , 1 , 14 , 3 , 8 , 14 , 12 , 3 , 3 , 2 , 14 , 10 , 15 , 5 , 12 , 2 , 9 , 11 , 10 , 5 , 5 , 10 , 10 , 12 , 8 , 4 , 2 , 6 , 9 , 3 , 9 , 12 , 15 , 15 , 10 , 1 , 14 , 3 , 15 , 7 , 1 , 7 , 9 , 4 , 13 , 2 , 6 , 6 , 5 , 8 , 15 , 6 , 11 , 13 , 0 , 5 , 12 , 13 , 13 , 15 , 12 , 9 , 0 , 12 , 0 , 5 , 12 , 2 , 2 , 4 , 10 , 7 , 14 , 15 , 7 , 12 , 14 , 
Bins: 46 , 8 , 41 , 36 , 21 , 49 , 36 , 8 , 17 , 32 , 44 , 0 , 49 , 32 , 46 , 46 , 
Cost: 113682
time: 8.384735
nImprovAfterGreedy: 25
nImprovAfterRandom: 25
nMigrate: 95673
nSwap: 141008
n: 100
m: 50
Seed: 60792
