Items: 24 , 22 , 22 , 12 , 24 , 27 , 19 , 6 , 16 , 20 , 25 , 10 , 29 , 11 , 15 , 11 , 9 , 0 , 11 , 17 , 25 , 14 , 25 , 20 , 0 , 14 , 15 , 3 , 14 , 28 , 12 , 22 , 20 , 14 , 17 , 5 , 4 , 25 , 12 , 21 , 30 , 4 , 9 , 15 , 1 , 26 , 8 , 31 , 27 , 18 , 23 , 29 , 5 , 21 , 22 , 13 , 13 , 17 , 0 , 8 , 19 , 27 , 12 , 30 , 21 , 23 , 16 , 13 , 16 , 23 , 16 , 15 , 14 , 21 , 29 , 3 , 26 , 7 , 3 , 28 , 3 , 28 , 2 , 28 , 21 , 10 , 2 , 8 , 15 , 25 , 6 , 18 , 27 , 17 , 24 , 14 , 2 , 26 , 22 , 1 , 7 , 4 , 22 , 13 , 20 , 5 , 29 , 7 , 5 , 19 , 28 , 23 , 2 , 6 , 2 , 2 , 6 , 4 , 31 , 6 , 14 , 4 , 17 , 13 , 26 , 1 , 12 , 10 , 17 , 5 , 0 , 1 , 28 , 4 , 30 , 28 , 18 , 26 , 7 , 27 , 29 , 19 , 20 , 27 , 9 , 3 , 25 , 28 , 11 , 1 , 0 , 17 , 24 , 15 , 9 , 31 , 14 , 8 , 9 , 4 , 30 , 8 , 26 , 14 , 6 , 11 , 6 , 16 , 18 , 8 , 18 , 18 , 10 , 10 , 24 , 25 , 16 , 0 , 11 , 23 , 24 , 22 , 9 , 9 , 7 , 7 , 0 , 26 , 16 , 16 , 4 , 3 , 19 , 15 , 9 , 23 , 31 , 15 , 29 , 10 , 
Bins: 49 , 40 , 49 , 48 , 48 , 38 , 44 , 44 , 44 , 46 , 48 , 48 , 44 , 48 , 48 , 48 , 48 , 48 , 46 , 37 , 44 , 44 , 48 , 48 , 42 , 48 , 48 , 46 , 46 , 38 , 46 , 32 , 
Cost: 388239
time: 25.964796
nImprovAfterGreedy: 68
nImprovAfterRandom: 68
nMigrate: 100939
nSwap: 73451
n: 200
m: 50
Seed: 45307
