Items: 9 , 14 , 9 , 12 , 10 , 7 , 12 , 13 , 4 , 3 , 4 , 16 , 10 , 15 , 1 , 9 , 10 , 4 , 15 , 15 , 13 , 3 , 13 , 3 , 3 , 8 , 11 , 3 , 3 , 4 , 5 , 11 , 11 , 16 , 17 , 8 , 1 , 0 , 5 , 9 , 11 , 2 , 1 , 8 , 2 , 7 , 4 , 14 , 7 , 2 , 6 , 0 , 0 , 14 , 0 , 8 , 8 , 7 , 17 , 6 , 5 , 8 , 5 , 17 , 12 , 12 , 17 , 13 , 2 , 6 , 15 , 7 , 9 , 12 , 5 , 10 , 14 , 1 , 10 , 4 , 13 , 6 , 12 , 4 , 0 , 1 , 11 , 1 , 10 , 1 , 2 , 2 , 7 , 17 , 16 , 3 , 6 , 16 , 4 , 16 , 
Bins: 8 , 9 , 8 , 9 , 9 , 8 , 8 , 8 , 8 , 8 , 8 , 8 , 9 , 8 , 8 , 8 , 8 , 8 , 
Cost: 101659
time: 8.298146
nImprovAfterGreedy: 39
nImprovAfterRandom: 39
nMigrate: 165565
nSwap: 108479
n: 100
m: 10
Seed: 23872
