Items: 4 , 1 , 16 , 2 , 19 , 12 , 14 , 16 , 14 , 17 , 16 , 24 , 20 , 5 , 18 , 5 , 17 , 15 , 5 , 18 , 13 , 4 , 13 , 3 , 22 , 4 , 18 , 7 , 4 , 0 , 5 , 18 , 17 , 4 , 6 , 2 , 6 , 10 , 16 , 19 , 23 , 15 , 14 , 18 , 19 , 12 , 1 , 13 , 11 , 8 , 11 , 7 , 13 , 9 , 0 , 2 , 7 , 9 , 19 , 0 , 7 , 7 , 9 , 6 , 10 , 11 , 12 , 13 , 8 , 20 , 20 , 18 , 7 , 2 , 9 , 1 , 12 , 1 , 6 , 18 , 1 , 0 , 2 , 16 , 19 , 4 , 23 , 1 , 4 , 0 , 16 , 16 , 12 , 6 , 3 , 4 , 2 , 22 , 1 , 3 , 11 , 17 , 0 , 7 , 17 , 13 , 9 , 14 , 10 , 7 , 16 , 11 , 6 , 2 , 2 , 24 , 2 , 11 , 15 , 10 , 22 , 8 , 21 , 23 , 12 , 3 , 6 , 4 , 21 , 15 , 0 , 19 , 13 , 8 , 23 , 22 , 15 , 12 , 10 , 14 , 12 , 16 , 8 , 14 , 21 , 6 , 13 , 24 , 5 , 1 , 18 , 14 , 9 , 14 , 21 , 21 , 4 , 1 , 0 , 8 , 23 , 17 , 22 , 4 , 16 , 3 , 10 , 11 , 15 , 3 , 2 , 1 , 3 , 17 , 4 , 24 , 15 , 22 , 5 , 0 , 19 , 8 , 10 , 10 , 10 , 14 , 5 , 12 , 15 , 15 , 15 , 8 , 0 , 18 , 14 , 20 , 21 , 16 , 9 , 4 , 
Bins: 19 , 19 , 19 , 19 , 19 , 19 , 19 , 19 , 19 , 19 , 19 , 19 , 19 , 19 , 19 , 19 , 19 , 19 , 19 , 19 , 2 , 15 , 15 , 15 , 2 , 
Cost: 382408
time: 33.092062
nImprovAfterGreedy: 48
nImprovAfterRandom: 48
nMigrate: 194966
nSwap: 155557
n: 200
m: 20
Seed: 57496
