Items: 7 , 8 , 8 , 11 , 17 , 6 , 3 , 12 , 0 , 5 , 1 , 2 , 12 , 16 , 4 , 7 , 9 , 1 , 10 , 10 , 12 , 0 , 12 , 0 , 1 , 2 , 7 , 0 , 0 , 1 , 7 , 5 , 5 , 2 , 14 , 2 , 17 , 9 , 13 , 15 , 10 , 14 , 9 , 13 , 14 , 6 , 0 , 13 , 6 , 5 , 10 , 9 , 13 , 15 , 9 , 1 , 3 , 6 , 1 , 11 , 3 , 2 , 7 , 17 , 3 , 16 , 16 , 8 , 5 , 14 , 16 , 6 , 14 , 2 , 17 , 15 , 11 , 4 , 17 , 1 , 8 , 4 , 11 , 4 , 15 , 3 , 5 , 12 , 9 , 1 , 0 , 8 , 6 , 14 , 3 , 0 , 11 , 11 , 1 , 4 , 
Bins: 18 , 19 , 15 , 18 , 11 , 15 , 15 , 15 , 15 , 15 , 15 , 15 , 15 , 4 , 15 , 15 , 4 , 15 , 
Cost: 114919
time: 9.161592
nImprovAfterGreedy: 49
nImprovAfterRandom: 49
nMigrate: 158238
nSwap: 129019
n: 100
m: 20
Seed: 31028
