Items: 18 , 11 , 32 , 1 , 18 , 21 , 6 , 5 , 12 , 34 , 5 , 8 , 9 , 20 , 25 , 32 , 3 , 17 , 20 , 1 , 6 , 6 , 21 , 35 , 17 , 16 , 32 , 9 , 35 , 32 , 18 , 34 , 34 , 29 , 14 , 34 , 26 , 6 , 36 , 14 , 3 , 3 , 22 , 25 , 24 , 19 , 13 , 21 , 12 , 31 , 8 , 27 , 21 , 11 , 22 , 34 , 33 , 19 , 27 , 13 , 33 , 5 , 31 , 26 , 33 , 12 , 36 , 36 , 2 , 15 , 20 , 25 , 21 , 1 , 10 , 0 , 15 , 11 , 2 , 25 , 0 , 31 , 16 , 5 , 27 , 35 , 3 , 11 , 12 , 16 , 19 , 19 , 22 , 14 , 8 , 16 , 22 , 8 , 13 , 24 , 10 , 31 , 32 , 33 , 29 , 9 , 9 , 4 , 7 , 28 , 17 , 15 , 4 , 34 , 7 , 20 , 5 , 26 , 22 , 4 , 35 , 17 , 17 , 13 , 19 , 24 , 14 , 29 , 26 , 7 , 27 , 25 , 9 , 16 , 3 , 35 , 1 , 7 , 23 , 24 , 19 , 5 , 2 , 4 , 17 , 0 , 9 , 8 , 18 , 11 , 30 , 14 , 36 , 23 , 17 , 22 , 6 , 11 , 31 , 17 , 10 , 30 , 34 , 16 , 5 , 35 , 1 , 12 , 28 , 13 , 0 , 0 , 12 , 15 , 30 , 28 , 12 , 10 , 20 , 29 , 25 , 2 , 23 , 23 , 16 , 16 , 18 , 15 , 12 , 12 , 16 , 28 , 24 , 30 , 7 , 15 , 26 , 23 , 10 , 29 , 
Bins: 37 , 13 , 11 , 37 , 19 , 42 , 11 , 19 , 37 , 37 , 23 , 42 , 49 , 37 , 19 , 48 , 48 , 48 , 23 , 37 , 37 , 37 , 39 , 7 , 23 , 40 , 24 , 7 , 7 , 13 , 11 , 17 , 13 , 13 , 37 , 37 , 14 , 
Cost: 467304
time: 39.988134
nImprovAfterGreedy: 48
nImprovAfterRandom: 48
nMigrate: 164576
nSwap: 153955
n: 200
m: 50
Seed: 32975
