Items: 8 , 7 , 7 , 3 , 15 , 9 , 11 , 7 , 11 , 13 , 2 , 25 , 34 , 33 , 24 , 10 , 5 , 0 , 10 , 4 , 6 , 13 , 23 , 5 , 2 , 10 , 8 , 34 , 13 , 2 , 19 , 7 , 5 , 29 , 26 , 14 , 12 , 6 , 20 , 17 , 12 , 32 , 4 , 31 , 32 , 4 , 27 , 1 , 9 , 28 , 14 , 6 , 31 , 34 , 1 , 3 , 30 , 4 , 2 , 27 , 8 , 9 , 28 , 26 , 33 , 3 , 22 , 23 , 16 , 21 , 20 , 5 , 1 , 3 , 15 , 15 , 21 , 24 , 15 , 2 , 23 , 24 , 3 , 24 , 3 , 25 , 19 , 27 , 11 , 2 , 13 , 28 , 9 , 26 , 29 , 13 , 12 , 22 , 2 , 29 , 25 , 12 , 7 , 30 , 5 , 34 , 34 , 17 , 22 , 29 , 24 , 14 , 8 , 14 , 8 , 19 , 14 , 18 , 0 , 14 , 34 , 18 , 0 , 2 , 19 , 29 , 17 , 19 , 0 , 17 , 1 , 31 , 1 , 18 , 32 , 32 , 28 , 21 , 16 , 11 , 4 , 30 , 15 , 9 , 0 , 26 , 1 , 32 , 10 , 7 , 22 , 17 , 20 , 11 , 4 , 0 , 13 , 27 , 13 , 18 , 33 , 12 , 11 , 13 , 20 , 14 , 6 , 11 , 28 , 27 , 13 , 3 , 25 , 33 , 8 , 23 , 24 , 22 , 10 , 20 , 31 , 6 , 16 , 16 , 16 , 18 , 10 , 21 , 24 , 18 , 17 , 23 , 12 , 12 , 32 , 33 , 0 , 16 , 25 , 25 , 
Bins: 19 , 15 , 19 , 16 , 15 , 15 , 15 , 15 , 18 , 16 , 19 , 19 , 19 , 18 , 19 , 15 , 15 , 17 , 15 , 15 , 4 , 15 , 15 , 15 , 18 , 15 , 15 , 4 , 16 , 15 , 4 , 4 , 15 , 18 , 15 , 
Cost: 392419
time: 29.888414
nImprovAfterGreedy: 41
nImprovAfterRandom: 41
nMigrate: 145336
nSwap: 91737
n: 200
m: 20
Seed: 65614
