Items: 3 , 15 , 2 , 1 , 3 , 12 , 12 , 2 , 2 , 4 , 5 , 13 , 7 , 10 , 9 , 2 , 11 , 7 , 10 , 10 , 6 , 4 , 15 , 11 , 5 , 3 , 14 , 4 , 3 , 12 , 1 , 11 , 11 , 4 , 8 , 8 , 9 , 6 , 12 , 15 , 14 , 0 , 2 , 3 , 0 , 2 , 11 , 12 , 10 , 11 , 16 , 6 , 12 , 15 , 6 , 8 , 4 , 4 , 5 , 16 , 12 , 10 , 1 , 5 , 1 , 15 , 10 , 8 , 0 , 7 , 16 , 9 , 4 , 1 , 1 , 3 , 7 , 9 , 3 , 6 , 8 , 6 , 2 , 5 , 14 , 9 , 14 , 9 , 15 , 6 , 2 , 2 , 0 , 8 , 13 , 4 , 16 , 13 , 5 , 9 , 
Bins: 1 , 7 , 9 , 7 , 9 , 9 , 7 , 1 , 7 , 9 , 9 , 7 , 9 , 1 , 2 , 9 , 2 , 
Cost: 114899
time: 8.848069
nImprovAfterGreedy: 13
nImprovAfterRandom: 13
nMigrate: 192054
nSwap: 146531
n: 100
m: 10
Seed: 75906
