Items: 9 , 0 , 3 , 2 , 5 , 7 , 12 , 0 , 2 , 6 , 3 , 4 , 11 , 9 , 5 , 9 , 6 , 11 , 9 , 2 , 0 , 1 , 0 , 6 , 8 , 1 , 9 , 1 , 1 , 3 , 9 , 6 , 6 , 1 , 10 , 2 , 5 , 3 , 7 , 8 , 10 , 8 , 12 , 5 , 8 , 7 , 6 , 1 , 7 , 6 , 9 , 12 , 10 , 8 , 12 , 2 , 1 , 7 , 8 , 12 , 9 , 2 , 2 , 10 , 6 , 2 , 4 , 0 , 7 , 11 , 4 , 5 , 1 , 2 , 10 , 0 , 4 , 5 , 5 , 3 , 0 , 3 , 2 , 3 , 8 , 5 , 3 , 0 , 1 , 3 , 7 , 7 , 7 , 10 , 4 , 1 , 12 , 4 , 3 , 5 , 
Bins: 49 , 49 , 49 , 49 , 48 , 49 , 49 , 49 , 49 , 49 , 49 , 9 , 47 , 
Cost: 88146
time: 7.090321
nImprovAfterGreedy: 33
nImprovAfterRandom: 33
nMigrate: 126632
nSwap: 114540
n: 100
m: 50
Seed: 98824
