Items: 11 , 8 , 28 , 12 , 29 , 5 , 14 , 27 , 12 , 24 , 22 , 4 , 30 , 18 , 7 , 20 , 13 , 7 , 26 , 21 , 0 , 8 , 1 , 13 , 6 , 20 , 19 , 22 , 1 , 31 , 20 , 13 , 13 , 8 , 8 , 34 , 23 , 2 , 31 , 28 , 25 , 25 , 8 , 9 , 25 , 5 , 6 , 9 , 18 , 33 , 32 , 16 , 18 , 5 , 15 , 34 , 34 , 5 , 29 , 32 , 19 , 34 , 16 , 29 , 14 , 12 , 10 , 27 , 0 , 30 , 4 , 5 , 33 , 12 , 16 , 22 , 30 , 7 , 29 , 15 , 22 , 7 , 12 , 14 , 1 , 14 , 17 , 24 , 33 , 24 , 17 , 3 , 11 , 15 , 4 , 26 , 34 , 6 , 28 , 21 , 10 , 32 , 31 , 23 , 13 , 18 , 16 , 28 , 11 , 16 , 7 , 31 , 12 , 32 , 11 , 17 , 27 , 8 , 23 , 2 , 6 , 8 , 15 , 25 , 11 , 21 , 14 , 17 , 15 , 24 , 15 , 27 , 14 , 0 , 25 , 6 , 3 , 11 , 26 , 21 , 5 , 9 , 29 , 34 , 2 , 22 , 19 , 4 , 26 , 28 , 24 , 15 , 27 , 27 , 21 , 23 , 11 , 24 , 24 , 19 , 31 , 3 , 12 , 1 , 9 , 4 , 2 , 10 , 3 , 32 , 33 , 22 , 17 , 18 , 19 , 1 , 7 , 6 , 26 , 31 , 3 , 0 , 2 , 2 , 14 , 8 , 20 , 24 , 7 , 10 , 19 , 1 , 10 , 33 , 8 , 30 , 23 , 14 , 16 , 20 , 
Bins: 8 , 8 , 8 , 8 , 8 , 8 , 8 , 9 , 9 , 3 , 8 , 9 , 9 , 8 , 9 , 8 , 8 , 8 , 8 , 9 , 8 , 8 , 8 , 8 , 9 , 8 , 8 , 8 , 9 , 8 , 8 , 8 , 8 , 8 , 8 , 
Cost: 393017
time: 33.027287
nImprovAfterGreedy: 72
nImprovAfterRandom: 72
nMigrate: 196597
nSwap: 113700
n: 200
m: 10
Seed: 34542
