Items: 6 , 0 , 0 , 10 , 7 , 5 , 2 , 10 , 10 , 4 , 0 , 11 , 9 , 6 , 4 , 6 , 12 , 9 , 6 , 4 , 3 , 4 , 6 , 12 , 8 , 1 , 4 , 1 , 1 , 0 , 2 , 4 , 9 , 1 , 8 , 10 , 8 , 3 , 2 , 7 , 8 , 12 , 10 , 4 , 12 , 10 , 0 , 4 , 5 , 9 , 10 , 3 , 2 , 7 , 5 , 1 , 1 , 5 , 8 , 10 , 2 , 1 , 2 , 8 , 12 , 6 , 6 , 3 , 9 , 9 , 11 , 4 , 6 , 1 , 2 , 7 , 11 , 3 , 8 , 4 , 3 , 3 , 10 , 0 , 7 , 9 , 0 , 2 , 12 , 0 , 0 , 0 , 5 , 5 , 11 , 1 , 10 , 11 , 0 , 7 , 
Bins: 49 , 36 , 49 , 36 , 49 , 16 , 49 , 36 , 49 , 36 , 49 , 27 , 25 , 
Cost: 99256
time: 7.705324
nImprovAfterGreedy: 26
nImprovAfterRandom: 26
nMigrate: 132844
nSwap: 127866
n: 100
m: 50
Seed: 79957
