Items: 12 , 9 , 16 , 4 , 12 , 14 , 1 , 4 , 7 , 6 , 7 , 14 , 14 , 16 , 9 , 16 , 6 , 0 , 16 , 3 , 8 , 8 , 12 , 8 , 5 , 8 , 15 , 1 , 8 , 7 , 0 , 6 , 6 , 8 , 3 , 10 , 13 , 7 , 0 , 16 , 13 , 13 , 13 , 15 , 10 , 3 , 6 , 11 , 14 , 6 , 2 , 13 , 11 , 5 , 7 , 10 , 15 , 3 , 5 , 4 , 15 , 10 , 1 , 1 , 1 , 4 , 0 , 11 , 0 , 10 , 4 , 3 , 11 , 1 , 12 , 12 , 10 , 9 , 12 , 7 , 9 , 9 , 4 , 2 , 5 , 14 , 0 , 9 , 13 , 7 , 0 , 3 , 14 , 3 , 2 , 8 , 4 , 2 , 7 , 2 , 
Bins: 48 , 44 , 24 , 48 , 19 , 24 , 19 , 48 , 26 , 44 , 27 , 27 , 27 , 27 , 26 , 10 , 46 , 
Cost: 113398
time: 8.911267
nImprovAfterGreedy: 42
nImprovAfterRandom: 42
nMigrate: 134649
nSwap: 126726
n: 100
m: 50
Seed: 87913
