Items: 8 , 15 , 15 , 7 , 8 , 12 , 9 , 15 , 0 , 6 , 0 , 5 , 8 , 7 , 6 , 2 , 17 , 0 , 16 , 10 , 15 , 4 , 8 , 17 , 11 , 4 , 10 , 4 , 4 , 0 , 16 , 13 , 13 , 5 , 11 , 7 , 6 , 1 , 9 , 14 , 3 , 10 , 6 , 9 , 10 , 12 , 0 , 4 , 12 , 13 , 16 , 17 , 2 , 14 , 1 , 4 , 9 , 12 , 17 , 1 , 9 , 10 , 10 , 11 , 7 , 7 , 3 , 2 , 13 , 3 , 3 , 12 , 2 , 7 , 16 , 8 , 14 , 6 , 8 , 0 , 2 , 1 , 7 , 0 , 14 , 6 , 13 , 6 , 17 , 1 , 13 , 15 , 12 , 11 , 5 , 4 , 1 , 5 , 0 , 5 , 
Bins: 9 , 8 , 8 , 6 , 8 , 8 , 9 , 9 , 8 , 9 , 8 , 8 , 8 , 8 , 8 , 8 , 8 , 8 , 
Cost: 101625
time: 8.470908
nImprovAfterGreedy: 23
nImprovAfterRandom: 23
nMigrate: 178881
nSwap: 113210
n: 100
m: 10
Seed: 15298
