Items: 25 , 0 , 0 , 1 , 22 , 15 , 2 , 4 , 2 , 11 , 25 , 26 , 14 , 8 , 27 , 14 , 27 , 20 , 17 , 15 , 23 , 11 , 25 , 11 , 16 , 11 , 9 , 25 , 11 , 23 , 7 , 9 , 9 , 11 , 1 , 1 , 24 , 23 , 4 , 3 , 19 , 7 , 24 , 13 , 21 , 15 , 23 , 13 , 8 , 9 , 17 , 14 , 5 , 26 , 23 , 24 , 24 , 15 , 18 , 5 , 9 , 24 , 29 , 18 , 6 , 8 , 8 , 6 , 20 , 17 , 17 , 15 , 14 , 6 , 29 , 25 , 27 , 0 , 24 , 9 , 25 , 20 , 22 , 25 , 3 , 26 , 22 , 0 , 27 , 23 , 22 , 22 , 15 , 1 , 28 , 11 , 16 , 16 , 0 , 28 , 2 , 10 , 19 , 24 , 10 , 28 , 14 , 3 , 4 , 14 , 20 , 17 , 12 , 4 , 29 , 22 , 4 , 5 , 13 , 15 , 11 , 6 , 20 , 14 , 28 , 28 , 1 , 8 , 23 , 4 , 20 , 3 , 1 , 6 , 19 , 13 , 29 , 27 , 21 , 6 , 15 , 19 , 29 , 24 , 21 , 25 , 15 , 1 , 7 , 0 , 16 , 1 , 4 , 12 , 23 , 13 , 11 , 26 , 23 , 9 , 19 , 10 , 27 , 11 , 4 , 26 , 21 , 28 , 7 , 5 , 9 , 26 , 22 , 8 , 25 , 7 , 20 , 16 , 6 , 23 , 16 , 18 , 21 , 21 , 21 , 0 , 12 , 27 , 20 , 28 , 7 , 7 , 19 , 9 , 21 , 10 , 13 , 4 , 26 , 26 , 
Bins: 37 , 37 , 2 , 17 , 47 , 8 , 46 , 48 , 41 , 46 , 8 , 46 , 0 , 46 , 48 , 49 , 41 , 36 , 8 , 32 , 41 , 46 , 46 , 46 , 48 , 49 , 46 , 43 , 46 , 32 , 
Cost: 417842
time: 32.525855
nImprovAfterGreedy: 30
nImprovAfterRandom: 30
nMigrate: 104614
nSwap: 130147
n: 200
m: 50
Seed: 56419
