Items: 19 , 6 , 6 , 2 , 9 , 23 , 20 , 13 , 4 , 17 , 6 , 21 , 13 , 29 , 12 , 29 , 18 , 8 , 29 , 18 , 0 , 17 , 0 , 22 , 1 , 7 , 22 , 24 , 4 , 19 , 7 , 18 , 22 , 7 , 15 , 10 , 15 , 12 , 19 , 11 , 28 , 14 , 15 , 12 , 14 , 4 , 18 , 24 , 23 , 17 , 26 , 16 , 24 , 16 , 11 , 10 , 10 , 23 , 6 , 18 , 21 , 10 , 16 , 15 , 29 , 5 , 20 , 7 , 17 , 26 , 26 , 12 , 24 , 2 , 16 , 30 , 11 , 2 , 15 , 12 , 30 , 19 , 4 , 6 , 9 , 5 , 9 , 2 , 22 , 19 , 4 , 4 , 23 , 27 , 21 , 4 , 20 , 1 , 6 , 3 , 25 , 30 , 19 , 10 , 7 , 24 , 16 , 11 , 20 , 21 , 13 , 26 , 5 , 13 , 20 , 9 , 13 , 25 , 8 , 12 , 1 , 25 , 27 , 28 , 4 , 3 , 11 , 5 , 15 , 11 , 19 , 2 , 24 , 25 , 28 , 1 , 8 , 20 , 14 , 3 , 7 , 13 , 17 , 10 , 14 , 30 , 24 , 21 , 29 , 2 , 18 , 5 , 23 , 5 , 18 , 27 , 4 , 2 , 19 , 17 , 28 , 22 , 2 , 4 , 13 , 3 , 12 , 26 , 8 , 27 , 30 , 30 , 3 , 5 , 28 , 0 , 21 , 1 , 29 , 19 , 9 , 17 , 14 , 14 , 14 , 25 , 8 , 11 , 8 , 25 , 8 , 0 , 21 , 22 , 19 , 6 , 27 , 17 , 16 , 7 , 
Bins: 8 , 8 , 9 , 8 , 9 , 9 , 9 , 8 , 9 , 8 , 8 , 9 , 9 , 8 , 8 , 9 , 8 , 9 , 8 , 9 , 9 , 9 , 9 , 9 , 9 , 8 , 8 , 8 , 8 , 9 , 8 , 
Cost: 374065
time: 29.986031
nImprovAfterGreedy: 43
nImprovAfterRandom: 43
nMigrate: 198061
nSwap: 110364
n: 200
m: 10
Seed: 63258
