Items: 7 , 10 , 10 , 2 , 0 , 3 , 4 , 1 , 2 , 2 , 10 , 3 , 13 , 4 , 8 , 7 , 8 , 2 , 1 , 14 , 1 , 9 , 1 , 15 , 12 , 7 , 7 , 2 , 0 , 13 , 9 , 8 , 16 , 6 , 12 , 16 , 6 , 10 , 1 , 0 , 14 , 7 , 6 , 8 , 7 , 14 , 2 , 5 , 4 , 9 , 5 , 15 , 11 , 17 , 8 , 16 , 16 , 14 , 15 , 11 , 4 , 16 , 9 , 12 , 4 , 2 , 3 , 5 , 9 , 13 , 11 , 8 , 7 , 2 , 11 , 0 , 17 , 6 , 12 , 13 , 5 , 9 , 2 , 10 , 0 , 6 , 13 , 6 , 15 , 6 , 6 , 10 , 4 , 12 , 3 , 15 , 5 , 3 , 13 , 11 , 
Bins: 8 , 8 , 9 , 8 , 9 , 8 , 9 , 8 , 8 , 8 , 8 , 8 , 8 , 8 , 3 , 8 , 8 , 0 , 
Cost: 139368
time: 9.070883
nImprovAfterGreedy: 19
nImprovAfterRandom: 19
nMigrate: 212382
nSwap: 128140
n: 100
m: 10
Seed: 88123
