Items: 0 , 12 , 16 , 2 , 4 , 8 , 0 , 15 , 1 , 10 , 1 , 17 , 11 , 0 , 2 , 16 , 10 , 1 , 11 , 10 , 13 , 2 , 11 , 13 , 7 , 14 , 6 , 2 , 4 , 1 , 5 , 10 , 10 , 3 , 7 , 14 , 6 , 13 , 16 , 4 , 6 , 6 , 6 , 14 , 6 , 15 , 1 , 8 , 0 , 5 , 9 , 13 , 11 , 8 , 12 , 14 , 14 , 8 , 13 , 12 , 5 , 14 , 5 , 7 , 0 , 9 , 17 , 15 , 9 , 9 , 9 , 8 , 2 , 2 , 5 , 4 , 15 , 2 , 7 , 1 , 15 , 12 , 2 , 1 , 4 , 17 , 10 , 11 , 3 , 12 , 16 , 16 , 0 , 7 , 3 , 3 , 12 , 3 , 1 , 3 , 
Bins: 9 , 9 , 9 , 8 , 8 , 8 , 8 , 8 , 8 , 8 , 8 , 8 , 8 , 8 , 8 , 8 , 3 , 3 , 
Cost: 115107
time: 8.959574
nImprovAfterGreedy: 30
nImprovAfterRandom: 30
nMigrate: 201724
nSwap: 123358
n: 100
m: 10
Seed: 60669
