Items: 19 , 0 , 12 , 2 , 30 , 11 , 10 , 3 , 10 , 19 , 32 , 26 , 5 , 21 , 9 , 12 , 20 , 27 , 21 , 21 , 33 , 0 , 33 , 31 , 31 , 1 , 34 , 13 , 1 , 32 , 23 , 20 , 16 , 0 , 0 , 22 , 9 , 33 , 6 , 12 , 7 , 8 , 0 , 30 , 29 , 11 , 27 , 27 , 4 , 28 , 3 , 18 , 34 , 11 , 20 , 32 , 32 , 11 , 2 , 8 , 10 , 32 , 8 , 7 , 20 , 5 , 14 , 34 , 28 , 5 , 21 , 11 , 19 , 2 , 18 , 25 , 26 , 9 , 30 , 9 , 25 , 23 , 2 , 13 , 2 , 1 , 17 , 8 , 20 , 29 , 17 , 29 , 4 , 5 , 26 , 1 , 3 , 26 , 27 , 6 , 14 , 8 , 20 , 32 , 16 , 13 , 18 , 12 , 2 , 10 , 23 , 16 , 4 , 3 , 4 , 17 , 3 , 14 , 30 , 22 , 1 , 0 , 24 , 7 , 4 , 14 , 9 , 17 , 24 , 19 , 24 , 22 , 15 , 18 , 7 , 13 , 29 , 4 , 15 , 6 , 11 , 10 , 28 , 22 , 24 , 25 , 27 , 26 , 12 , 22 , 30 , 0 , 34 , 15 , 31 , 24 , 19 , 28 , 19 , 23 , 16 , 8 , 13 , 1 , 3 , 13 , 33 , 14 , 29 , 31 , 9 , 1 , 17 , 16 , 19 , 25 , 23 , 31 , 13 , 12 , 29 , 28 , 15 , 15 , 15 , 0 , 6 , 19 , 23 , 14 , 27 , 33 , 10 , 9 , 0 , 5 , 24 , 15 , 18 , 6 , 
Bins: 9 , 6 , 6 , 6 , 9 , 6 , 6 , 6 , 6 , 9 , 9 , 6 , 9 , 6 , 6 , 6 , 6 , 6 , 6 , 9 , 6 , 6 , 6 , 6 , 6 , 3 , 6 , 9 , 6 , 6 , 6 , 6 , 6 , 6 , 6 , 
Cost: 418011
time: 33.202613
nImprovAfterGreedy: 53
nImprovAfterRandom: 53
nMigrate: 188705
nSwap: 115300
n: 200
m: 10
Seed: 62599
