Items: 1 , 21 , 17 , 3 , 8 , 18 , 0 , 24 , 0 , 20 , 4 , 9 , 14 , 30 , 20 , 11 , 5 , 26 , 33 , 30 , 24 , 1 , 27 , 10 , 21 , 28 , 22 , 1 , 27 , 17 , 19 , 17 , 15 , 23 , 1 , 3 , 16 , 4 , 18 , 11 , 34 , 12 , 5 , 6 , 12 , 5 , 4 , 6 , 18 , 13 , 24 , 31 , 23 , 21 , 17 , 32 , 32 , 5 , 31 , 10 , 6 , 25 , 12 , 33 , 0 , 3 , 18 , 28 , 13 , 8 , 21 , 22 , 20 , 3 , 31 , 2 , 11 , 20 , 1 , 17 , 2 , 10 , 3 , 4 , 27 , 8 , 15 , 20 , 28 , 20 , 26 , 26 , 0 , 17 , 9 , 28 , 2 , 9 , 4 , 25 , 8 , 9 , 17 , 16 , 28 , 9 , 31 , 11 , 3 , 25 , 26 , 8 , 23 , 24 , 2 , 15 , 24 , 23 , 16 , 29 , 4 , 23 , 34 , 32 , 14 , 10 , 3 , 15 , 24 , 22 , 31 , 7 , 8 , 14 , 34 , 4 , 14 , 0 , 29 , 25 , 5 , 34 , 1 , 25 , 12 , 2 , 6 , 9 , 33 , 7 , 19 , 5 , 22 , 22 , 5 , 16 , 1 , 13 , 20 , 13 , 23 , 30 , 0 , 28 , 26 , 10 , 29 , 18 , 7 , 32 , 6 , 13 , 26 , 15 , 1 , 27 , 14 , 21 , 33 , 23 , 7 , 13 , 29 , 29 , 12 , 12 , 19 , 11 , 19 , 18 , 6 , 27 , 34 , 22 , 12 , 30 , 16 , 32 , 31 , 19 , 
Bins: 9 , 9 , 8 , 9 , 8 , 8 , 9 , 3 , 8 , 8 , 8 , 9 , 8 , 8 , 8 , 8 , 8 , 8 , 8 , 8 , 9 , 8 , 8 , 9 , 8 , 8 , 8 , 8 , 8 , 8 , 7 , 8 , 8 , 8 , 8 , 
Cost: 393355
time: 31.966462
nImprovAfterGreedy: 68
nImprovAfterRandom: 68
nMigrate: 177243
nSwap: 107564
n: 200
m: 10
Seed: 31004
