Items: 15 , 13 , 13 , 21 , 23 , 31 , 6 , 18 , 6 , 21 , 25 , 24 , 14 , 10 , 23 , 28 , 8 , 17 , 28 , 27 , 12 , 9 , 34 , 1 , 17 , 28 , 29 , 25 , 9 , 30 , 4 , 13 , 10 , 11 , 10 , 33 , 23 , 16 , 15 , 9 , 12 , 32 , 11 , 0 , 32 , 11 , 22 , 17 , 7 , 19 , 18 , 16 , 26 , 14 , 16 , 33 , 33 , 27 , 17 , 22 , 6 , 33 , 32 , 1 , 5 , 7 , 31 , 18 , 19 , 14 , 7 , 2 , 31 , 21 , 14 , 25 , 3 , 23 , 23 , 30 , 25 , 29 , 21 , 30 , 9 , 24 , 4 , 8 , 4 , 16 , 4 , 13 , 5 , 10 , 26 , 20 , 29 , 8 , 22 , 2 , 24 , 29 , 13 , 33 , 28 , 26 , 14 , 3 , 15 , 6 , 30 , 7 , 21 , 18 , 21 , 4 , 18 , 20 , 0 , 3 , 8 , 20 , 24 , 22 , 11 , 26 , 9 , 29 , 18 , 9 , 34 , 2 , 30 , 20 , 12 , 30 , 0 , 11 , 27 , 2 , 11 , 6 , 19 , 1 , 32 , 25 , 17 , 30 , 28 , 13 , 8 , 9 , 7 , 2 , 22 , 0 , 15 , 19 , 15 , 31 , 12 , 5 , 21 , 8 , 1 , 26 , 34 , 20 , 34 , 22 , 11 , 25 , 4 , 29 , 15 , 34 , 4 , 16 , 10 , 7 , 5 , 19 , 3 , 15 , 32 , 32 , 17 , 15 , 4 , 20 , 17 , 31 , 6 , 11 , 32 , 27 , 0 , 3 , 24 , 24 , 
Bins: 7 , 6 , 11 , 11 , 19 , 11 , 18 , 7 , 11 , 18 , 11 , 18 , 3 , 11 , 11 , 18 , 11 , 19 , 11 , 11 , 11 , 18 , 11 , 11 , 11 , 11 , 11 , 11 , 11 , 11 , 7 , 11 , 11 , 11 , 6 , 
Cost: 417319
time: 35.197650
nImprovAfterGreedy: 75
nImprovAfterRandom: 75
nMigrate: 176519
nSwap: 127880
n: 200
m: 20
Seed: 36683
