Items: 0 , 16 , 8 , 2 , 23 , 4 , 27 , 15 , 15 , 7 , 21 , 11 , 1 , 4 , 23 , 8 , 12 , 30 , 23 , 3 , 18 , 10 , 21 , 26 , 20 , 10 , 3 , 17 , 10 , 6 , 14 , 7 , 26 , 15 , 2 , 2 , 23 , 28 , 6 , 25 , 8 , 9 , 15 , 3 , 22 , 15 , 12 , 18 , 4 , 19 , 5 , 0 , 17 , 16 , 7 , 13 , 13 , 15 , 21 , 5 , 13 , 13 , 12 , 26 , 7 , 5 , 4 , 18 , 19 , 30 , 9 , 3 , 18 , 25 , 19 , 10 , 9 , 23 , 23 , 3 , 18 , 6 , 24 , 29 , 25 , 24 , 14 , 16 , 27 , 6 , 14 , 22 , 0 , 2 , 27 , 10 , 31 , 20 , 16 , 27 , 11 , 10 , 7 , 13 , 26 , 17 , 1 , 28 , 0 , 27 , 14 , 5 , 3 , 2 , 0 , 14 , 15 , 5 , 9 , 28 , 20 , 2 , 25 , 8 , 1 , 27 , 2 , 29 , 25 , 17 , 7 , 24 , 6 , 1 , 8 , 20 , 1 , 0 , 11 , 11 , 15 , 29 , 19 , 13 , 12 , 21 , 18 , 6 , 25 , 16 , 12 , 2 , 28 , 5 , 12 , 9 , 10 , 16 , 6 , 4 , 7 , 24 , 7 , 10 , 8 , 17 , 2 , 12 , 22 , 24 , 15 , 10 , 14 , 4 , 0 , 22 , 6 , 20 , 26 , 13 , 24 , 19 , 28 , 15 , 9 , 21 , 22 , 9 , 6 , 1 , 22 , 30 , 11 , 3 , 21 , 4 , 31 , 13 , 16 , 16 , 
Bins: 9 , 7 , 9 , 9 , 9 , 7 , 9 , 7 , 7 , 7 , 7 , 7 , 7 , 7 , 7 , 9 , 9 , 1 , 9 , 9 , 7 , 7 , 7 , 9 , 9 , 9 , 7 , 9 , 9 , 0 , 0 , 0 , 
Cost: 419240
time: 39.877439
nImprovAfterGreedy: 36
nImprovAfterRandom: 36
nMigrate: 245984
nSwap: 186481
n: 200
m: 10
Seed: 20763
