Items: 22 , 13 , 12 , 3 , 14 , 15 , 3 , 22 , 6 , 23 , 10 , 0 , 26 , 23 , 21 , 11 , 18 , 6 , 11 , 5 , 15 , 28 , 13 , 18 , 13 , 28 , 13 , 10 , 28 , 9 , 9 , 13 , 23 , 28 , 16 , 6 , 7 , 21 , 22 , 29 , 31 , 1 , 7 , 21 , 1 , 26 , 10 , 15 , 17 , 20 , 24 , 27 , 6 , 4 , 21 , 6 , 12 , 16 , 14 , 5 , 12 , 5 , 1 , 7 , 3 , 29 , 0 , 15 , 29 , 31 , 29 , 2 , 28 , 3 , 27 , 10 , 19 , 4 , 7 , 21 , 10 , 30 , 24 , 30 , 25 , 14 , 9 , 4 , 13 , 9 , 9 , 20 , 26 , 16 , 25 , 28 , 24 , 0 , 9 , 18 , 14 , 17 , 13 , 12 , 23 , 18 , 27 , 1 , 22 , 27 , 6 , 24 , 19 , 6 , 24 , 24 , 7 , 30 , 19 , 8 , 28 , 30 , 16 , 10 , 26 , 18 , 3 , 30 , 16 , 14 , 25 , 2 , 17 , 17 , 31 , 29 , 20 , 26 , 8 , 5 , 26 , 30 , 22 , 5 , 1 , 10 , 15 , 17 , 11 , 4 , 0 , 16 , 27 , 2 , 18 , 19 , 28 , 4 , 22 , 7 , 23 , 2 , 3 , 28 , 11 , 6 , 8 , 31 , 20 , 2 , 20 , 20 , 9 , 23 , 29 , 25 , 17 , 0 , 11 , 22 , 2 , 7 , 8 , 8 , 8 , 1 , 25 , 22 , 17 , 17 , 11 , 25 , 14 , 13 , 1 , 16 , 19 , 11 , 27 , 9 , 
Bins: 48 , 38 , 48 , 47 , 44 , 38 , 48 , 48 , 44 , 48 , 48 , 48 , 15 , 48 , 32 , 46 , 48 , 49 , 46 , 44 , 46 , 38 , 47 , 44 , 49 , 49 , 44 , 48 , 48 , 44 , 44 , 38 , 
Cost: 388519
time: 28.702972
nImprovAfterGreedy: 55
nImprovAfterRandom: 55
nMigrate: 115921
nSwap: 91992
n: 200
m: 50
Seed: 83320
