Items: 18 , 11 , 24 , 10 , 21 , 7 , 24 , 0 , 0 , 20 , 13 , 6 , 3 , 17 , 9 , 24 , 28 , 3 , 8 , 9 , 4 , 26 , 18 , 11 , 13 , 11 , 9 , 26 , 11 , 13 , 17 , 28 , 28 , 11 , 19 , 10 , 19 , 27 , 0 , 5 , 12 , 23 , 1 , 9 , 23 , 0 , 28 , 20 , 7 , 26 , 14 , 27 , 17 , 5 , 15 , 16 , 16 , 16 , 13 , 15 , 24 , 16 , 1 , 13 , 28 , 6 , 1 , 2 , 1 , 24 , 18 , 9 , 20 , 16 , 27 , 24 , 20 , 21 , 19 , 9 , 2 , 21 , 10 , 13 , 5 , 6 , 15 , 22 , 11 , 15 , 0 , 3 , 7 , 10 , 25 , 11 , 10 , 25 , 13 , 25 , 13 , 19 , 15 , 16 , 11 , 25 , 27 , 2 , 28 , 27 , 21 , 14 , 2 , 10 , 16 , 21 , 14 , 14 , 3 , 23 , 14 , 14 , 4 , 12 , 25 , 25 , 10 , 6 , 4 , 20 , 15 , 18 , 10 , 26 , 12 , 28 , 3 , 10 , 23 , 0 , 0 , 24 , 11 , 10 , 4 , 19 , 6 , 19 , 8 , 5 , 28 , 10 , 7 , 1 , 4 , 18 , 0 , 12 , 0 , 24 , 27 , 22 , 20 , 11 , 0 , 6 , 23 , 1 , 3 , 22 , 26 , 26 , 6 , 6 , 18 , 5 , 21 , 27 , 8 , 15 , 18 , 14 , 23 , 0 , 23 , 23 , 24 , 20 , 21 , 1 , 3 , 26 , 15 , 9 , 1 , 12 , 4 , 0 , 27 , 12 , 
Bins: 49 , 48 , 7 , 46 , 36 , 32 , 49 , 21 , 0 , 37 , 49 , 49 , 36 , 49 , 46 , 36 , 44 , 2 , 46 , 36 , 41 , 32 , 0 , 46 , 49 , 32 , 46 , 48 , 46 , 
Cost: 417891
time: 32.755184
nImprovAfterGreedy: 41
nImprovAfterRandom: 41
nMigrate: 119866
nSwap: 135227
n: 200
m: 50
Seed: 46459
