Items: 7 , 4 , 9 , 3 , 0 , 4 , 15 , 14 , 5 , 8 , 9 , 19 , 12 , 7 , 0 , 7 , 8 , 12 , 7 , 19 , 14 , 20 , 12 , 13 , 4 , 7 , 15 , 20 , 13 , 9 , 2 , 8 , 18 , 4 , 3 , 3 , 0 , 9 , 2 , 21 , 6 , 1 , 5 , 0 , 22 , 5 , 3 , 20 , 10 , 18 , 11 , 5 , 17 , 17 , 3 , 5 , 23 , 5 , 1 , 3 , 15 , 23 , 2 , 21 , 8 , 10 , 10 , 14 , 21 , 12 , 21 , 0 , 20 , 16 , 2 , 9 , 14 , 0 , 0 , 9 , 16 , 23 , 11 , 9 , 16 , 0 , 15 , 4 , 8 , 9 , 5 , 22 , 5 , 3 , 6 , 8 , 11 , 4 , 9 , 13 , 0 , 11 , 8 , 23 , 19 , 20 , 20 , 2 , 18 , 6 , 12 , 10 , 3 , 18 , 11 , 13 , 18 , 17 , 1 , 18 , 4 , 17 , 21 , 6 , 5 , 13 , 3 , 15 , 21 , 1 , 20 , 22 , 20 , 17 , 6 , 20 , 22 , 5 , 19 , 2 , 5 , 15 , 18 , 23 , 14 , 16 , 20 , 1 , 7 , 22 , 8 , 3 , 6 , 23 , 3 , 21 , 5 , 4 , 1 , 17 , 19 , 11 , 8 , 8 , 12 , 13 , 18 , 10 , 22 , 11 , 18 , 9 , 13 , 10 , 6 , 16 , 10 , 4 , 7 , 19 , 22 , 17 , 14 , 14 , 14 , 17 , 7 , 14 , 13 , 10 , 1 , 16 , 15 , 15 , 23 , 19 , 1 , 15 , 2 , 2 , 
Bins: 49 , 49 , 49 , 49 , 49 , 49 , 49 , 49 , 49 , 49 , 49 , 49 , 37 , 49 , 49 , 49 , 48 , 49 , 49 , 48 , 49 , 49 , 47 , 48 , 
Cost: 365561
time: 30.828714
nImprovAfterGreedy: 35
nImprovAfterRandom: 35
nMigrate: 167502
nSwap: 138518
n: 200
m: 50
Seed: 83602
