Items: 4 , 12 , 4 , 2 , 1 , 15 , 11 , 1 , 2 , 2 , 3 , 8 , 1 , 4 , 12 , 4 , 14 , 9 , 4 , 9 , 13 , 7 , 12 , 7 , 3 , 7 , 4 , 7 , 7 , 13 , 11 , 14 , 14 , 7 , 5 , 2 , 5 , 13 , 11 , 10 , 9 , 9 , 5 , 9 , 6 , 1 , 14 , 15 , 15 , 6 , 0 , 13 , 11 , 10 , 13 , 2 , 2 , 15 , 3 , 0 , 11 , 2 , 11 , 5 , 14 , 10 , 6 , 1 , 6 , 9 , 8 , 3 , 4 , 2 , 5 , 10 , 1 , 12 , 5 , 3 , 12 , 13 , 2 , 3 , 10 , 12 , 14 , 12 , 7 , 13 , 14 , 6 , 15 , 6 , 8 , 7 , 0 , 8 , 3 , 8 , 
Bins: 2 , 8 , 9 , 9 , 9 , 9 , 8 , 9 , 8 , 8 , 9 , 9 , 9 , 8 , 8 , 9 , 
Cost: 99967
time: 7.465584
nImprovAfterGreedy: 27
nImprovAfterRandom: 27
nMigrate: 182955
nSwap: 105951
n: 100
m: 10
Seed: 66334
