Items: 0 , 11 , 23 , 14 , 26 , 8 , 14 , 24 , 21 , 1 , 23 , 6 , 30 , 28 , 19 , 18 , 15 , 23 , 18 , 19 , 4 , 1 , 18 , 15 , 17 , 1 , 19 , 10 , 1 , 0 , 25 , 15 , 15 , 1 , 2 , 3 , 2 , 16 , 8 , 9 , 28 , 5 , 2 , 19 , 5 , 13 , 27 , 10 , 8 , 13 , 24 , 22 , 10 , 22 , 27 , 20 , 20 , 1 , 6 , 27 , 25 , 20 , 22 , 6 , 14 , 9 , 21 , 7 , 4 , 29 , 28 , 19 , 10 , 14 , 22 , 13 , 29 , 7 , 2 , 19 , 7 , 7 , 21 , 23 , 26 , 3 , 26 , 11 , 0 , 23 , 23 , 23 , 30 , 2 , 8 , 1 , 21 , 17 , 11 , 29 , 6 , 24 , 0 , 20 , 15 , 10 , 22 , 29 , 21 , 8 , 25 , 24 , 14 , 24 , 21 , 26 , 24 , 9 , 5 , 3 , 17 , 14 , 12 , 20 , 30 , 27 , 14 , 9 , 12 , 3 , 0 , 11 , 10 , 30 , 28 , 17 , 5 , 21 , 16 , 29 , 13 , 9 , 1 , 3 , 12 , 2 , 10 , 25 , 18 , 11 , 0 , 3 , 8 , 3 , 12 , 12 , 1 , 11 , 24 , 13 , 28 , 4 , 14 , 1 , 23 , 28 , 16 , 27 , 5 , 27 , 13 , 13 , 4 , 3 , 0 , 7 , 25 , 17 , 18 , 24 , 26 , 4 , 16 , 16 , 16 , 17 , 0 , 25 , 25 , 30 , 5 , 7 , 9 , 19 , 5 , 11 , 12 , 23 , 22 , 8 , 
Bins: 9 , 9 , 6 , 9 , 9 , 6 , 6 , 6 , 9 , 9 , 9 , 9 , 6 , 6 , 8 , 6 , 6 , 6 , 6 , 9 , 6 , 9 , 6 , 9 , 6 , 6 , 6 , 6 , 6 , 6 , 6 , 
Cost: 393707
time: 32.570968
nImprovAfterGreedy: 60
nImprovAfterRandom: 60
nMigrate: 209595
nSwap: 128459
n: 200
m: 10
Seed: 97638
