Items: 4 , 9 , 3 , 0 , 6 , 7 , 2 , 9 , 0 , 5 , 3 , 10 , 9 , 7 , 5 , 4 , 1 , 10 , 7 , 7 , 9 , 5 , 9 , 1 , 8 , 0 , 2 , 4 , 0 , 0 , 2 , 5 , 12 , 0 , 8 , 0 , 1 , 3 , 2 , 6 , 1 , 7 , 1 , 5 , 8 , 6 , 3 , 5 , 7 , 12 , 11 , 1 , 2 , 6 , 5 , 0 , 0 , 7 , 8 , 11 , 2 , 0 , 2 , 8 , 3 , 6 , 10 , 4 , 10 , 11 , 10 , 5 , 4 , 0 , 2 , 6 , 4 , 9 , 8 , 5 , 4 , 11 , 0 , 3 , 6 , 10 , 3 , 9 , 1 , 3 , 3 , 3 , 7 , 8 , 10 , 4 , 11 , 10 , 3 , 9 , 
Bins: 19 , 19 , 19 , 19 , 19 , 19 , 19 , 19 , 19 , 19 , 19 , 15 , 0 , 
Cost: 88286
time: 7.912687
nImprovAfterGreedy: 19
nImprovAfterRandom: 19
nMigrate: 208585
nSwap: 145331
n: 100
m: 20
Seed: 67340
