Items: 14 , 6 , 6 , 3 , 1 , 11 , 16 , 16 , 4 , 2 , 4 , 15 , 0 , 3 , 5 , 14 , 10 , 4 , 16 , 9 , 0 , 7 , 0 , 10 , 4 , 14 , 14 , 8 , 14 , 4 , 7 , 2 , 2 , 15 , 13 , 3 , 5 , 0 , 6 , 12 , 10 , 9 , 5 , 1 , 9 , 11 , 2 , 17 , 11 , 7 , 16 , 0 , 17 , 12 , 2 , 9 , 9 , 11 , 4 , 16 , 6 , 9 , 7 , 13 , 3 , 3 , 13 , 17 , 7 , 8 , 8 , 11 , 14 , 3 , 1 , 12 , 8 , 5 , 1 , 4 , 17 , 7 , 3 , 6 , 12 , 5 , 2 , 5 , 10 , 5 , 6 , 6 , 11 , 13 , 15 , 10 , 16 , 15 , 4 , 15 , 
Bins: 15 , 4 , 15 , 18 , 19 , 18 , 18 , 15 , 15 , 15 , 16 , 15 , 15 , 15 , 15 , 15 , 19 , 15 , 
Cost: 101214
time: 7.940154
nImprovAfterGreedy: 29
nImprovAfterRandom: 29
nMigrate: 128352
nSwap: 98279
n: 100
m: 20
Seed: 11951
