Items: 0 , 26 , 2 , 17 , 4 , 14 , 1 , 12 , 0 , 6 , 2 , 13 , 19 , 10 , 6 , 17 , 9 , 24 , 10 , 25 , 7 , 4 , 26 , 9 , 26 , 18 , 6 , 22 , 18 , 2 , 23 , 6 , 9 , 22 , 27 , 17 , 4 , 2 , 12 , 8 , 3 , 25 , 16 , 7 , 25 , 16 , 0 , 7 , 14 , 4 , 10 , 16 , 11 , 17 , 8 , 0 , 22 , 16 , 2 , 17 , 22 , 22 , 25 , 3 , 9 , 11 , 9 , 20 , 4 , 19 , 19 , 6 , 22 , 6 , 13 , 18 , 17 , 20 , 4 , 2 , 20 , 20 , 0 , 2 , 8 , 11 , 23 , 6 , 15 , 2 , 0 , 24 , 14 , 27 , 12 , 18 , 16 , 26 , 2 , 12 , 13 , 21 , 6 , 22 , 9 , 11 , 16 , 8 , 9 , 22 , 1 , 19 , 11 , 5 , 0 , 25 , 5 , 1 , 24 , 5 , 26 , 1 , 8 , 0 , 17 , 23 , 12 , 11 , 8 , 6 , 8 , 15 , 5 , 21 , 3 , 11 , 24 , 16 , 13 , 12 , 16 , 1 , 4 , 22 , 0 , 7 , 21 , 21 , 10 , 18 , 9 , 8 , 14 , 12 , 0 , 27 , 0 , 17 , 21 , 4 , 3 , 15 , 17 , 18 , 5 , 24 , 16 , 23 , 24 , 15 , 16 , 18 , 23 , 11 , 0 , 20 , 21 , 26 , 10 , 22 , 15 , 4 , 5 , 5 , 19 , 2 , 12 , 17 , 21 , 21 , 21 , 20 , 21 , 6 , 25 , 19 , 27 , 6 , 13 , 12 , 
Bins: 19 , 4 , 19 , 2 , 19 , 14 , 19 , 2 , 19 , 19 , 13 , 19 , 19 , 14 , 7 , 13 , 19 , 19 , 14 , 14 , 14 , 19 , 19 , 14 , 14 , 14 , 18 , 7 , 
Cost: 418626
time: 35.721684
nImprovAfterGreedy: 33
nImprovAfterRandom: 33
nMigrate: 205189
nSwap: 168135
n: 200
m: 20
Seed: 9571
