Items: 15 , 15 , 15 , 10 , 6 , 14 , 12 , 17 , 5 , 7 , 4 , 9 , 0 , 16 , 1 , 10 , 7 , 4 , 0 , 16 , 13 , 2 , 0 , 11 , 4 , 2 , 7 , 1 , 2 , 4 , 2 , 7 , 7 , 12 , 9 , 5 , 6 , 13 , 3 , 15 , 16 , 13 , 8 , 1 , 14 , 17 , 3 , 11 , 14 , 2 , 8 , 13 , 16 , 17 , 8 , 5 , 5 , 14 , 4 , 8 , 12 , 10 , 2 , 6 , 12 , 5 , 9 , 17 , 3 , 0 , 3 , 7 , 11 , 10 , 6 , 15 , 17 , 1 , 6 , 4 , 10 , 14 , 5 , 12 , 13 , 0 , 4 , 1 , 11 , 8 , 3 , 3 , 14 , 9 , 12 , 11 , 8 , 9 , 4 , 12 , 
Bins: 15 , 10 , 15 , 4 , 19 , 15 , 15 , 15 , 15 , 15 , 4 , 15 , 18 , 15 , 16 , 13 , 4 , 15 , 
Cost: 139457
time: 11.044365
nImprovAfterGreedy: 30
nImprovAfterRandom: 30
nMigrate: 215452
nSwap: 174914
n: 100
m: 20
Seed: 30409
