Items: 4 , 33 , 27 , 0 , 16 , 22 , 25 , 0 , 0 , 7 , 9 , 32 , 14 , 2 , 31 , 11 , 12 , 8 , 11 , 2 , 24 , 20 , 33 , 5 , 8 , 11 , 30 , 4 , 5 , 9 , 20 , 1 , 17 , 22 , 10 , 0 , 31 , 24 , 4 , 27 , 30 , 3 , 31 , 16 , 1 , 21 , 29 , 7 , 22 , 15 , 13 , 24 , 25 , 33 , 7 , 23 , 23 , 21 , 9 , 29 , 25 , 23 , 14 , 17 , 12 , 0 , 32 , 6 , 1 , 34 , 29 , 21 , 7 , 12 , 14 , 27 , 34 , 31 , 16 , 9 , 10 , 15 , 0 , 9 , 26 , 31 , 26 , 19 , 12 , 9 , 4 , 18 , 22 , 10 , 3 , 6 , 15 , 3 , 9 , 6 , 20 , 3 , 1 , 23 , 11 , 5 , 14 , 27 , 0 , 21 , 16 , 13 , 25 , 13 , 27 , 26 , 13 , 25 , 3 , 24 , 33 , 28 , 8 , 1 , 4 , 5 , 0 , 32 , 8 , 19 , 1 , 26 , 9 , 28 , 30 , 29 , 14 , 34 , 20 , 6 , 21 , 30 , 11 , 31 , 8 , 10 , 7 , 3 , 17 , 19 , 1 , 14 , 22 , 6 , 8 , 21 , 4 , 19 , 4 , 28 , 29 , 2 , 12 , 12 , 16 , 18 , 24 , 5 , 18 , 13 , 15 , 15 , 9 , 32 , 4 , 18 , 3 , 8 , 17 , 10 , 26 , 1 , 25 , 4 , 31 , 33 , 23 , 34 , 3 , 28 , 3 , 10 , 17 , 15 , 33 , 2 , 8 , 23 , 20 , 20 , 
Bins: 18 , 19 , 15 , 19 , 18 , 7 , 7 , 11 , 19 , 19 , 11 , 11 , 11 , 11 , 11 , 7 , 6 , 11 , 2 , 3 , 11 , 11 , 7 , 11 , 11 , 18 , 11 , 18 , 2 , 3 , 7 , 18 , 11 , 11 , 11 , 
Cost: 417582
time: 34.321121
nImprovAfterGreedy: 75
nImprovAfterRandom: 75
nMigrate: 174737
nSwap: 121179
n: 200
m: 20
Seed: 92148
