Items: 1 , 8 , 2 , 1 , 4 , 10 , 3 , 5 , 1 , 0 , 2 , 11 , 12 , 5 , 0 , 1 , 4 , 2 , 5 , 0 , 8 , 0 , 8 , 4 , 7 , 6 , 0 , 1 , 6 , 2 , 3 , 0 , 9 , 6 , 9 , 6 , 4 , 2 , 3 , 7 , 12 , 7 , 4 , 0 , 7 , 1 , 1 , 0 , 10 , 9 , 5 , 2 , 3 , 7 , 10 , 6 , 6 , 10 , 7 , 12 , 3 , 6 , 3 , 4 , 6 , 5 , 9 , 8 , 9 , 12 , 5 , 0 , 6 , 6 , 3 , 8 , 1 , 8 , 4 , 0 , 8 , 3 , 1 , 2 , 7 , 8 , 2 , 8 , 4 , 2 , 1 , 1 , 10 , 9 , 11 , 1 , 10 , 11 , 2 , 5 , 
Bins: 19 , 19 , 19 , 19 , 19 , 19 , 19 , 19 , 19 , 15 , 16 , 1 , 2 , 
Cost: 97057
time: 8.127840
nImprovAfterGreedy: 32
nImprovAfterRandom: 32
nMigrate: 199536
nSwap: 153277
n: 100
m: 20
Seed: 42529
