Items: 6 , 12 , 0 , 9 , 13 , 10 , 14 , 12 , 9 , 9 , 1 , 13 , 10 , 6 , 4 , 0 , 11 , 9 , 12 , 5 , 0 , 8 , 12 , 7 , 12 , 3 , 12 , 6 , 7 , 1 , 8 , 12 , 15 , 3 , 15 , 3 , 11 , 4 , 2 , 15 , 7 , 2 , 11 , 4 , 2 , 5 , 11 , 8 , 10 , 2 , 8 , 14 , 0 , 5 , 14 , 3 , 3 , 5 , 1 , 14 , 8 , 3 , 8 , 15 , 9 , 9 , 6 , 0 , 2 , 3 , 6 , 5 , 6 , 9 , 7 , 11 , 13 , 4 , 11 , 4 , 11 , 4 , 9 , 1 , 1 , 13 , 1 , 10 , 11 , 1 , 2 , 2 , 10 , 15 , 13 , 7 , 14 , 10 , 1 , 5 , 
Bins: 46 , 49 , 48 , 48 , 44 , 48 , 44 , 44 , 48 , 47 , 40 , 48 , 48 , 44 , 38 , 44 , 
Cost: 99364
time: 7.886662
nImprovAfterGreedy: 23
nImprovAfterRandom: 23
nMigrate: 102194
nSwap: 107002
n: 100
m: 50
Seed: 17631
