Items: 22 , 19 , 19 , 16 , 6 , 9 , 11 , 21 , 7 , 13 , 11 , 0 , 7 , 8 , 5 , 8 , 12 , 7 , 8 , 12 , 5 , 13 , 9 , 2 , 17 , 13 , 15 , 7 , 13 , 7 , 3 , 8 , 8 , 13 , 23 , 20 , 16 , 5 , 3 , 16 , 15 , 12 , 11 , 5 , 23 , 21 , 2 , 9 , 10 , 4 , 22 , 5 , 6 , 19 , 5 , 13 , 0 , 21 , 11 , 2 , 0 , 20 , 14 , 11 , 8 , 16 , 10 , 18 , 4 , 7 , 16 , 20 , 9 , 13 , 6 , 19 , 21 , 24 , 13 , 5 , 18 , 24 , 14 , 24 , 18 , 6 , 15 , 19 , 11 , 5 , 13 , 23 , 9 , 23 , 0 , 13 , 14 , 17 , 19 , 3 , 6 , 14 , 12 , 0 , 6 , 7 , 7 , 20 , 7 , 0 , 24 , 22 , 15 , 22 , 14 , 14 , 22 , 22 , 12 , 20 , 17 , 22 , 1 , 2 , 3 , 2 , 16 , 24 , 1 , 7 , 1 , 4 , 9 , 10 , 15 , 17 , 23 , 21 , 16 , 3 , 21 , 24 , 13 , 20 , 1 , 11 , 9 , 12 , 8 , 19 , 12 , 9 , 0 , 16 , 2 , 1 , 13 , 19 , 21 , 22 , 15 , 4 , 17 , 13 , 24 , 20 , 16 , 10 , 23 , 2 , 4 , 4 , 3 , 10 , 21 , 18 , 10 , 17 , 8 , 0 , 23 , 22 , 20 , 21 , 16 , 11 , 3 , 21 , 10 , 10 , 12 , 18 , 24 , 15 , 12 , 19 , 1 , 21 , 6 , 3 , 
Bins: 49 , 27 , 36 , 49 , 36 , 36 , 36 , 49 , 49 , 49 , 49 , 49 , 49 , 49 , 36 , 36 , 49 , 27 , 27 , 49 , 49 , 49 , 49 , 36 , 36 , 
Cost: 389306
time: 31.654533
nImprovAfterGreedy: 45
nImprovAfterRandom: 45
nMigrate: 176426
nSwap: 142798
n: 200
m: 50
Seed: 60073
