Items: 11 , 11 , 2 , 6 , 4 , 0 , 10 , 6 , 6 , 3 , 2 , 12 , 7 , 8 , 4 , 6 , 1 , 7 , 8 , 8 , 7 , 11 , 7 , 1 , 5 , 3 , 11 , 7 , 11 , 2 , 10 , 1 , 1 , 3 , 5 , 3 , 4 , 2 , 10 , 9 , 5 , 9 , 6 , 4 , 9 , 6 , 2 , 11 , 0 , 5 , 8 , 7 , 10 , 9 , 0 , 3 , 3 , 0 , 5 , 8 , 10 , 3 , 10 , 5 , 3 , 6 , 12 , 11 , 12 , 7 , 8 , 4 , 3 , 3 , 10 , 2 , 6 , 4 , 4 , 2 , 11 , 2 , 6 , 2 , 9 , 4 , 1 , 10 , 11 , 2 , 6 , 6 , 0 , 12 , 12 , 11 , 0 , 12 , 2 , 4 , 
Bins: 16 , 14 , 49 , 49 , 49 , 36 , 49 , 36 , 45 , 25 , 49 , 49 , 45 , 
Cost: 99690
time: 7.719911
nImprovAfterGreedy: 33
nImprovAfterRandom: 33
nMigrate: 142942
nSwap: 135781
n: 100
m: 50
Seed: 79691
