Items: 10 , 4 , 3 , 9 , 6 , 1 , 5 , 4 , 2 , 0 , 3 , 6 , 1 , 10 , 0 , 10 , 8 , 9 , 10 , 9 , 4 , 0 , 4 , 8 , 7 , 10 , 10 , 9 , 8 , 2 , 5 , 0 , 10 , 4 , 7 , 2 , 8 , 3 , 5 , 6 , 8 , 9 , 2 , 0 , 7 , 1 , 3 , 0 , 1 , 12 , 2 , 9 , 5 , 6 , 0 , 2 , 2 , 1 , 7 , 9 , 5 , 9 , 5 , 7 , 3 , 1 , 12 , 4 , 12 , 11 , 11 , 0 , 10 , 9 , 5 , 6 , 11 , 4 , 7 , 0 , 4 , 5 , 2 , 3 , 6 , 6 , 3 , 4 , 8 , 3 , 3 , 3 , 1 , 7 , 11 , 8 , 2 , 11 , 3 , 11 , 
Bins: 49 , 49 , 49 , 49 , 49 , 49 , 49 , 49 , 49 , 49 , 49 , 48 , 0 , 
Cost: 88160
time: 7.017605
nImprovAfterGreedy: 28
nImprovAfterRandom: 28
nMigrate: 119565
nSwap: 113396
n: 100
m: 50
Seed: 55224
