Items: 8 , 7 , 3 , 1 , 2 , 11 , 4 , 10 , 10 , 9 , 3 , 6 , 11 , 8 , 2 , 8 , 9 , 10 , 8 , 1 , 7 , 7 , 8 , 9 , 0 , 1 , 8 , 8 , 1 , 3 , 4 , 9 , 9 , 1 , 7 , 1 , 2 , 3 , 4 , 0 , 5 , 11 , 5 , 2 , 11 , 10 , 9 , 7 , 11 , 10 , 6 , 5 , 4 , 0 , 5 , 1 , 1 , 7 , 0 , 5 , 4 , 1 , 4 , 0 , 9 , 10 , 10 , 7 , 10 , 12 , 6 , 2 , 8 , 1 , 4 , 9 , 12 , 2 , 2 , 3 , 7 , 3 , 1 , 3 , 0 , 2 , 3 , 4 , 9 , 3 , 10 , 10 , 11 , 12 , 6 , 7 , 5 , 6 , 3 , 2 , 
Bins: 49 , 49 , 49 , 49 , 49 , 38 , 37 , 49 , 49 , 49 , 49 , 40 , 0 , 
Cost: 96529
time: 7.581525
nImprovAfterGreedy: 31
nImprovAfterRandom: 31
nMigrate: 124779
nSwap: 134194
n: 100
m: 50
Seed: 36573
