Items: 0 , 21 , 4 , 10 , 28 , 24 , 24 , 25 , 7 , 12 , 5 , 2 , 17 , 12 , 11 , 4 , 13 , 29 , 27 , 10 , 17 , 0 , 17 , 12 , 21 , 0 , 4 , 10 , 0 , 3 , 4 , 4 , 12 , 16 , 21 , 1 , 16 , 11 , 25 , 22 , 26 , 8 , 2 , 28 , 23 , 14 , 13 , 30 , 24 , 19 , 18 , 14 , 4 , 21 , 22 , 5 , 10 , 14 , 5 , 13 , 4 , 10 , 20 , 26 , 10 , 7 , 14 , 15 , 19 , 9 , 6 , 13 , 11 , 10 , 6 , 1 , 8 , 11 , 28 , 3 , 6 , 28 , 1 , 5 , 22 , 2 , 29 , 3 , 7 , 3 , 16 , 23 , 24 , 9 , 16 , 0 , 1 , 13 , 3 , 16 , 6 , 20 , 22 , 15 , 12 , 20 , 6 , 5 , 3 , 15 , 8 , 18 , 30 , 9 , 1 , 11 , 18 , 24 , 21 , 31 , 18 , 8 , 26 , 15 , 2 , 16 , 2 , 28 , 26 , 18 , 29 , 23 , 2 , 17 , 26 , 20 , 23 , 14 , 2 , 15 , 14 , 28 , 0 , 1 , 8 , 30 , 20 , 20 , 27 , 3 , 13 , 2 , 31 , 19 , 13 , 14 , 0 , 19 , 9 , 8 , 6 , 22 , 10 , 0 , 25 , 29 , 3 , 7 , 23 , 9 , 1 , 19 , 16 , 12 , 0 , 29 , 7 , 21 , 27 , 8 , 23 , 18 , 25 , 25 , 8 , 8 , 29 , 0 , 7 , 7 , 20 , 17 , 22 , 11 , 19 , 9 , 5 , 25 , 19 , 19 , 
Bins: 9 , 9 , 9 , 9 , 7 , 9 , 7 , 9 , 7 , 7 , 9 , 9 , 9 , 7 , 7 , 7 , 9 , 7 , 7 , 7 , 7 , 9 , 9 , 7 , 6 , 1 , 7 , 0 , 7 , 7 , 0 , 0 , 
Cost: 419860
time: 38.791034
nImprovAfterGreedy: 36
nImprovAfterRandom: 36
nMigrate: 230704
nSwap: 177703
n: 200
m: 10
Seed: 10255
