Items: 11 , 6 , 12 , 4 , 2 , 15 , 16 , 9 , 4 , 4 , 1 , 0 , 8 , 10 , 2 , 12 , 5 , 1 , 10 , 11 , 7 , 11 , 0 , 5 , 1 , 11 , 5 , 11 , 11 , 1 , 10 , 5 , 5 , 11 , 6 , 4 , 2 , 7 , 15 , 13 , 8 , 12 , 2 , 2 , 12 , 13 , 5 , 14 , 15 , 14 , 15 , 7 , 12 , 13 , 3 , 4 , 4 , 11 , 16 , 3 , 12 , 4 , 12 , 16 , 10 , 13 , 9 , 7 , 14 , 8 , 9 , 5 , 14 , 4 , 10 , 0 , 9 , 2 , 2 , 1 , 6 , 3 , 4 , 1 , 13 , 0 , 3 , 0 , 7 , 3 , 10 , 7 , 3 , 8 , 9 , 11 , 6 , 0 , 1 , 9 , 
Bins: 7 , 8 , 9 , 7 , 9 , 7 , 1 , 7 , 2 , 7 , 9 , 9 , 7 , 9 , 1 , 1 , 1 , 
Cost: 115076
time: 9.434814
nImprovAfterGreedy: 17
nImprovAfterRandom: 17
nMigrate: 222153
nSwap: 160228
n: 100
m: 10
Seed: 97038
