Items: 11 , 0 , 7 , 1 , 17 , 3 , 13 , 17 , 13 , 10 , 4 , 12 , 17 , 16 , 0 , 7 , 2 , 4 , 16 , 13 , 15 , 11 , 15 , 10 , 4 , 11 , 5 , 11 , 11 , 4 , 11 , 8 , 8 , 12 , 8 , 8 , 2 , 9 , 6 , 14 , 10 , 2 , 2 , 5 , 2 , 3 , 8 , 15 , 3 , 6 , 16 , 9 , 15 , 14 , 9 , 8 , 5 , 3 , 4 , 9 , 5 , 2 , 11 , 10 , 13 , 1 , 13 , 7 , 6 , 17 , 16 , 3 , 7 , 1 , 11 , 14 , 17 , 0 , 2 , 4 , 7 , 0 , 1 , 13 , 14 , 0 , 4 , 0 , 2 , 9 , 6 , 6 , 3 , 8 , 12 , 1 , 1 , 12 , 4 , 12 , 
Bins: 18 , 16 , 19 , 15 , 19 , 18 , 4 , 15 , 15 , 15 , 9 , 19 , 15 , 18 , 15 , 15 , 15 , 15 , 
Cost: 101213
time: 7.868330
nImprovAfterGreedy: 35
nImprovAfterRandom: 35
nMigrate: 111718
nSwap: 97012
n: 100
m: 20
Seed: 99531
