Items: 11 , 13 , 1 , 7 , 6 , 18 , 20 , 1 , 7 , 8 , 1 , 17 , 12 , 11 , 3 , 20 , 8 , 12 , 11 , 3 , 5 , 13 , 11 , 15 , 21 , 20 , 3 , 11 , 15 , 0 , 20 , 8 , 17 , 16 , 0 , 7 , 0 , 5 , 1 , 6 , 0 , 12 , 0 , 3 , 12 , 18 , 7 , 3 , 14 , 13 , 9 , 4 , 9 , 4 , 2 , 7 , 16 , 18 , 21 , 9 , 16 , 16 , 4 , 21 , 8 , 9 , 17 , 10 , 9 , 21 , 11 , 3 , 16 , 7 , 4 , 0 , 18 , 23 , 0 , 3 , 10 , 13 , 7 , 1 , 6 , 22 , 6 , 19 , 8 , 2 , 1 , 1 , 18 , 2 , 15 , 23 , 7 , 22 , 19 , 23 , 21 , 14 , 8 , 16 , 17 , 15 , 4 , 23 , 7 , 16 , 1 , 3 , 0 , 2 , 7 , 6 , 13 , 9 , 12 , 5 , 22 , 13 , 24 , 19 , 18 , 15 , 2 , 17 , 24 , 2 , 2 , 19 , 2 , 14 , 15 , 22 , 12 , 18 , 5 , 23 , 18 , 1 , 13 , 23 , 24 , 0 , 2 , 14 , 20 , 19 , 8 , 2 , 16 , 13 , 7 , 24 , 18 , 19 , 14 , 13 , 8 , 6 , 8 , 8 , 1 , 15 , 5 , 15 , 12 , 19 , 13 , 22 , 20 , 17 , 11 , 10 , 14 , 22 , 11 , 16 , 6 , 9 , 5 , 5 , 5 , 23 , 20 , 18 , 14 , 14 , 2 , 10 , 7 , 3 , 13 , 19 , 24 , 1 , 4 , 20 , 
Bins: 49 , 49 , 49 , 49 , 37 , 49 , 49 , 49 , 49 , 49 , 21 , 49 , 46 , 49 , 46 , 49 , 49 , 48 , 49 , 49 , 49 , 44 , 38 , 46 , 37 , 
Cost: 381783
time: 28.509713
nImprovAfterGreedy: 62
nImprovAfterRandom: 62
nMigrate: 127792
nSwap: 114620
n: 200
m: 50
Seed: 6903
