Items: 15 , 8 , 8 , 1 , 0 , 3 , 6 , 6 , 8 , 9 , 2 , 13 , 12 , 1 , 4 , 15 , 9 , 2 , 6 , 7 , 12 , 10 , 12 , 5 , 2 , 15 , 15 , 15 , 5 , 2 , 10 , 9 , 9 , 13 , 11 , 1 , 4 , 12 , 6 , 14 , 5 , 7 , 4 , 0 , 7 , 3 , 9 , 17 , 3 , 10 , 6 , 12 , 17 , 14 , 9 , 7 , 7 , 3 , 2 , 16 , 8 , 7 , 10 , 11 , 1 , 1 , 11 , 17 , 10 , 16 , 16 , 3 , 15 , 1 , 0 , 14 , 16 , 4 , 0 , 2 , 17 , 10 , 1 , 8 , 14 , 4 , 2 , 4 , 5 , 4 , 8 , 8 , 3 , 11 , 13 , 5 , 6 , 13 , 2 , 13 , 
Bins: 4 , 18 , 19 , 15 , 18 , 16 , 19 , 15 , 18 , 15 , 15 , 15 , 15 , 15 , 15 , 15 , 12 , 15 , 
Cost: 101185
time: 7.759647
nImprovAfterGreedy: 33
nImprovAfterRandom: 33
nMigrate: 129244
nSwap: 94644
n: 100
m: 20
Seed: 66612
