Items: 0 , 1 , 1 , 23 , 0 , 17 , 17 , 23 , 5 , 18 , 6 , 15 , 22 , 7 , 19 , 13 , 12 , 8 , 13 , 17 , 21 , 10 , 10 , 12 , 6 , 15 , 13 , 10 , 10 , 19 , 27 , 1 , 13 , 15 , 26 , 3 , 26 , 14 , 23 , 21 , 18 , 8 , 14 , 0 , 16 , 5 , 4 , 11 , 7 , 20 , 4 , 14 , 27 , 11 , 14 , 3 , 3 , 17 , 6 , 4 , 27 , 3 , 22 , 21 , 12 , 7 , 5 , 15 , 20 , 20 , 11 , 16 , 3 , 15 , 14 , 0 , 24 , 6 , 0 , 19 , 8 , 19 , 2 , 6 , 10 , 22 , 18 , 22 , 12 , 14 , 5 , 5 , 5 , 26 , 23 , 12 , 2 , 17 , 1 , 16 , 6 , 22 , 1 , 3 , 15 , 7 , 11 , 1 , 2 , 14 , 8 , 7 , 18 , 4 , 2 , 2 , 4 , 9 , 0 , 4 , 17 , 9 , 8 , 1 , 5 , 25 , 23 , 7 , 21 , 13 , 14 , 16 , 11 , 9 , 18 , 11 , 16 , 5 , 17 , 12 , 5 , 0 , 15 , 3 , 8 , 26 , 11 , 9 , 13 , 1 , 0 , 12 , 24 , 16 , 8 , 26 , 5 , 20 , 19 , 19 , 18 , 22 , 20 , 12 , 23 , 25 , 4 , 7 , 5 , 4 , 20 , 20 , 25 , 7 , 0 , 10 , 8 , 25 , 13 , 8 , 16 , 9 , 23 , 23 , 20 , 1 , 24 , 20 , 8 , 9 , 12 , 10 , 9 , 20 , 16 , 22 , 26 , 23 , 14 , 7 , 
Bins: 49 , 49 , 32 , 44 , 48 , 49 , 37 , 49 , 48 , 46 , 46 , 46 , 49 , 46 , 48 , 46 , 48 , 48 , 32 , 15 , 49 , 15 , 46 , 41 , 8 , 8 , 46 , 0 , 
Cost: 417850
time: 33.117620
nImprovAfterGreedy: 36
nImprovAfterRandom: 36
nMigrate: 118121
nSwap: 144309
n: 200
m: 50
Seed: 72306
