Items: 10 , 22 , 6 , 2 , 10 , 0 , 16 , 4 , 0 , 6 , 7 , 1 , 8 , 13 , 5 , 13 , 11 , 3 , 13 , 15 , 1 , 26 , 1 , 11 , 7 , 26 , 6 , 15 , 26 , 5 , 6 , 6 , 4 , 26 , 2 , 2 , 10 , 1 , 3 , 12 , 6 , 20 , 26 , 10 , 24 , 26 , 4 , 28 , 0 , 9 , 25 , 17 , 25 , 22 , 17 , 23 , 30 , 26 , 7 , 17 , 6 , 23 , 5 , 7 , 11 , 25 , 0 , 30 , 24 , 9 , 12 , 14 , 28 , 23 , 17 , 10 , 11 , 5 , 10 , 5 , 10 , 5 , 2 , 7 , 15 , 1 , 14 , 1 , 28 , 26 , 28 , 3 , 0 , 2 , 16 , 26 , 23 , 29 , 7 , 8 , 16 , 21 , 6 , 30 , 19 , 5 , 17 , 30 , 0 , 8 , 28 , 19 , 25 , 4 , 23 , 14 , 4 , 16 , 29 , 24 , 29 , 9 , 9 , 8 , 8 , 27 , 2 , 14 , 15 , 18 , 2 , 18 , 2 , 21 , 19 , 29 , 3 , 0 , 16 , 8 , 26 , 4 , 26 , 23 , 11 , 10 , 28 , 21 , 13 , 22 , 29 , 2 , 12 , 18 , 11 , 12 , 26 , 17 , 21 , 9 , 19 , 20 , 11 , 26 , 4 , 27 , 1 , 4 , 3 , 27 , 9 , 9 , 28 , 14 , 19 , 3 , 21 , 29 , 13 , 19 , 18 , 25 , 24 , 24 , 13 , 16 , 3 , 11 , 21 , 21 , 21 , 20 , 21 , 14 , 21 , 19 , 23 , 24 , 17 , 6 , 
Bins: 37 , 46 , 43 , 46 , 44 , 32 , 46 , 43 , 46 , 36 , 48 , 46 , 21 , 40 , 44 , 17 , 41 , 36 , 3 , 36 , 3 , 49 , 0 , 46 , 32 , 37 , 49 , 3 , 41 , 36 , 8 , 
Cost: 417583
time: 32.078826
nImprovAfterGreedy: 39
nImprovAfterRandom: 39
nMigrate: 100386
nSwap: 124063
n: 200
m: 50
Seed: 82866
