Items: 6 , 15 , 4 , 6 , 10 , 8 , 12 , 9 , 0 , 17 , 0 , 16 , 13 , 6 , 1 , 4 , 14 , 0 , 7 , 12 , 15 , 6 , 15 , 14 , 5 , 2 , 17 , 6 , 6 , 0 , 7 , 17 , 17 , 2 , 5 , 2 , 1 , 15 , 8 , 10 , 17 , 3 , 1 , 11 , 3 , 9 , 0 , 11 , 8 , 3 , 13 , 14 , 7 , 9 , 10 , 2 , 12 , 8 , 14 , 2 , 12 , 2 , 3 , 5 , 12 , 13 , 16 , 9 , 3 , 13 , 13 , 11 , 4 , 2 , 7 , 4 , 9 , 1 , 5 , 0 , 4 , 3 , 6 , 0 , 10 , 1 , 10 , 1 , 14 , 1 , 6 , 15 , 8 , 5 , 16 , 6 , 16 , 16 , 0 , 11 , 
Bins: 9 , 9 , 8 , 8 , 8 , 8 , 9 , 8 , 8 , 8 , 8 , 3 , 9 , 8 , 8 , 8 , 8 , 8 , 
Cost: 101605
time: 8.025895
nImprovAfterGreedy: 36
nImprovAfterRandom: 36
nMigrate: 162107
nSwap: 101496
n: 100
m: 10
Seed: 26728
