Items: 29 , 27 , 19 , 23 , 29 , 16 , 15 , 10 , 12 , 17 , 28 , 13 , 18 , 4 , 24 , 31 , 6 , 18 , 25 , 24 , 30 , 17 , 30 , 12 , 1 , 13 , 24 , 0 , 17 , 28 , 19 , 24 , 4 , 13 , 21 , 4 , 20 , 28 , 19 , 19 , 7 , 6 , 14 , 22 , 11 , 10 , 2 , 22 , 16 , 11 , 5 , 31 , 29 , 27 , 22 , 4 , 25 , 16 , 28 , 2 , 19 , 0 , 26 , 20 , 6 , 17 , 9 , 31 , 9 , 5 , 9 , 24 , 3 , 23 , 26 , 0 , 10 , 27 , 20 , 17 , 0 , 15 , 23 , 28 , 7 , 29 , 7 , 27 , 12 , 28 , 12 , 11 , 16 , 21 , 13 , 17 , 23 , 1 , 28 , 8 , 5 , 9 , 15 , 25 , 31 , 4 , 26 , 14 , 29 , 13 , 18 , 5 , 22 , 3 , 3 , 3 , 10 , 5 , 22 , 14 , 1 , 18 , 18 , 2 , 8 , 8 , 19 , 15 , 18 , 29 , 2 , 23 , 14 , 6 , 7 , 1 , 11 , 23 , 28 , 8 , 16 , 15 , 11 , 14 , 12 , 0 , 3 , 13 , 25 , 27 , 24 , 14 , 26 , 30 , 8 , 21 , 17 , 27 , 10 , 20 , 7 , 9 , 23 , 6 , 12 , 4 , 30 , 12 , 11 , 2 , 16 , 17 , 12 , 4 , 20 , 30 , 18 , 1 , 25 , 5 , 29 , 20 , 14 , 10 , 6 , 1 , 2 , 10 , 18 , 18 , 6 , 0 , 15 , 24 , 10 , 9 , 21 , 25 , 26 , 13 , 
Bins: 48 , 38 , 38 , 38 , 48 , 48 , 48 , 46 , 19 , 48 , 48 , 46 , 48 , 48 , 44 , 44 , 46 , 46 , 49 , 47 , 48 , 32 , 44 , 44 , 48 , 48 , 38 , 44 , 48 , 44 , 40 , 30 , 
Cost: 388295
time: 26.829146
nImprovAfterGreedy: 64
nImprovAfterRandom: 64
nMigrate: 108593
nSwap: 79854
n: 200
m: 50
Seed: 85484
