Items: 6 , 18 , 3 , 8 , 6 , 9 , 11 , 11 , 8 , 1 , 16 , 4 , 6 , 7 , 4 , 3 , 14 , 8 , 7 , 1 , 10 , 5 , 6 , 14 , 18 , 5 , 2 , 5 , 5 , 9 , 13 , 14 , 14 , 15 , 18 , 8 , 15 , 10 , 9 , 12 , 1 , 0 , 15 , 2 , 0 , 15 , 14 , 12 , 9 , 0 , 16 , 17 , 17 , 18 , 10 , 5 , 2 , 15 , 17 , 7 , 2 , 5 , 14 , 16 , 13 , 16 , 3 , 17 , 0 , 1 , 7 , 4 , 3 , 5 , 13 , 6 , 11 , 4 , 6 , 13 , 12 , 10 , 8 , 16 , 17 , 4 , 7 , 4 , 15 , 10 , 1 , 0 , 9 , 0 , 11 , 15 , 10 , 9 , 13 , 15 , 
Bins: 37 , 14 , 13 , 13 , 42 , 23 , 37 , 37 , 11 , 23 , 37 , 11 , 0 , 23 , 37 , 48 , 23 , 37 , 11 , 
Cost: 137182
time: 9.996518
nImprovAfterGreedy: 29
nImprovAfterRandom: 29
nMigrate: 147656
nSwap: 143934
n: 100
m: 50
Seed: 46977
