Items: 20 , 26 , 25 , 17 , 10 , 4 , 14 , 17 , 30 , 13 , 6 , 2 , 21 , 34 , 16 , 7 , 23 , 21 , 7 , 34 , 9 , 30 , 6 , 13 , 6 , 7 , 27 , 30 , 15 , 25 , 22 , 25 , 18 , 19 , 3 , 18 , 10 , 9 , 20 , 3 , 32 , 29 , 23 , 28 , 21 , 23 , 26 , 27 , 4 , 8 , 12 , 9 , 5 , 11 , 25 , 18 , 17 , 23 , 6 , 12 , 3 , 19 , 22 , 0 , 0 , 11 , 14 , 5 , 21 , 33 , 33 , 27 , 4 , 15 , 0 , 22 , 33 , 16 , 10 , 25 , 5 , 16 , 17 , 8 , 15 , 2 , 1 , 16 , 13 , 6 , 29 , 8 , 4 , 25 , 17 , 13 , 26 , 26 , 24 , 31 , 2 , 29 , 25 , 19 , 7 , 30 , 30 , 3 , 30 , 19 , 18 , 11 , 1 , 18 , 22 , 1 , 18 , 17 , 28 , 18 , 26 , 35 , 2 , 21 , 31 , 22 , 17 , 14 , 3 , 30 , 28 , 24 , 5 , 35 , 32 , 29 , 8 , 33 , 10 , 31 , 23 , 14 , 10 , 31 , 5 , 1 , 4 , 24 , 7 , 24 , 26 , 23 , 19 , 31 , 23 , 28 , 20 , 16 , 20 , 35 , 32 , 34 , 13 , 13 , 21 , 15 , 9 , 11 , 8 , 12 , 29 , 29 , 1 , 11 , 20 , 15 , 11 , 32 , 0 , 3 , 24 , 9 , 5 , 20 , 0 , 26 , 21 , 20 , 11 , 11 , 29 , 15 , 3 , 6 , 20 , 34 , 28 , 21 , 2 , 2 , 
Bins: 11 , 11 , 11 , 18 , 7 , 11 , 16 , 11 , 3 , 11 , 11 , 19 , 2 , 11 , 11 , 11 , 12 , 18 , 11 , 11 , 18 , 19 , 11 , 11 , 11 , 11 , 11 , 2 , 7 , 11 , 18 , 7 , 7 , 6 , 15 , 2 , 
Cost: 418089
time: 35.491415
nImprovAfterGreedy: 53
nImprovAfterRandom: 53
nMigrate: 184656
nSwap: 127593
n: 200
m: 20
Seed: 9446
