Items: 6 , 1 , 0 , 4 , 5 , 8 , 2 , 1 , 4 , 3 , 0 , 11 , 9 , 6 , 3 , 6 , 3 , 9 , 6 , 3 , 1 , 1 , 6 , 7 , 10 , 4 , 6 , 5 , 7 , 12 , 2 , 3 , 6 , 4 , 7 , 4 , 5 , 0 , 2 , 10 , 7 , 9 , 5 , 3 , 9 , 4 , 0 , 1 , 8 , 11 , 9 , 5 , 2 , 10 , 8 , 4 , 3 , 8 , 10 , 12 , 2 , 4 , 2 , 10 , 0 , 4 , 11 , 1 , 11 , 9 , 12 , 3 , 6 , 4 , 2 , 5 , 1 , 5 , 5 , 3 , 1 , 1 , 4 , 0 , 10 , 5 , 0 , 2 , 5 , 0 , 0 , 0 , 8 , 7 , 12 , 7 , 8 , 12 , 0 , 12 , 
Bins: 19 , 19 , 19 , 19 , 19 , 19 , 19 , 8 , 8 , 11 , 19 , 3 , 11 , 
Cost: 99499
time: 8.287427
nImprovAfterGreedy: 28
nImprovAfterRandom: 28
nMigrate: 194146
nSwap: 154137
n: 100
m: 20
Seed: 36107
