Items: 21 , 13 , 13 , 3 , 21 , 17 , 20 , 13 , 4 , 1 , 19 , 14 , 29 , 8 , 0 , 2 , 22 , 6 , 29 , 22 , 30 , 1 , 29 , 26 , 19 , 1 , 2 , 6 , 1 , 10 , 28 , 13 , 2 , 1 , 3 , 3 , 24 , 0 , 20 , 16 , 12 , 15 , 10 , 21 , 7 , 4 , 22 , 6 , 8 , 9 , 17 , 18 , 8 , 16 , 0 , 10 , 10 , 1 , 19 , 18 , 18 , 10 , 22 , 19 , 25 , 8 , 14 , 2 , 27 , 6 , 27 , 9 , 6 , 25 , 25 , 21 , 23 , 30 , 21 , 0 , 30 , 18 , 3 , 19 , 16 , 14 , 28 , 30 , 9 , 0 , 28 , 7 , 29 , 3 , 20 , 1 , 5 , 23 , 19 , 4 , 14 , 11 , 13 , 10 , 2 , 8 , 16 , 23 , 0 , 18 , 28 , 17 , 5 , 17 , 5 , 28 , 17 , 25 , 14 , 17 , 23 , 25 , 12 , 27 , 4 , 26 , 3 , 14 , 12 , 0 , 18 , 7 , 3 , 25 , 12 , 5 , 7 , 4 , 24 , 4 , 13 , 11 , 1 , 10 , 22 , 21 , 6 , 15 , 20 , 13 , 22 , 3 , 16 , 9 , 22 , 27 , 1 , 18 , 15 , 25 , 12 , 11 , 4 , 1 , 27 , 26 , 24 , 26 , 7 , 11 , 9 , 9 , 28 , 8 , 21 , 30 , 15 , 23 , 29 , 10 , 7 , 11 , 24 , 24 , 24 , 23 , 20 , 0 , 26 , 26 , 15 , 30 , 12 , 9 , 15 , 2 , 5 , 27 , 18 , 18 , 
Bins: 9 , 9 , 6 , 9 , 9 , 9 , 9 , 6 , 9 , 6 , 6 , 9 , 6 , 6 , 6 , 6 , 9 , 6 , 6 , 9 , 9 , 6 , 6 , 6 , 6 , 9 , 6 , 6 , 6 , 6 , 6 , 
Cost: 393896
time: 32.362441
nImprovAfterGreedy: 40
nImprovAfterRandom: 40
nMigrate: 205845
nSwap: 130365
n: 200
m: 10
Seed: 68080
