Items: 6 , 4 , 2 , 0 , 3 , 9 , 3 , 16 , 9 , 7 , 2 , 3 , 22 , 13 , 17 , 14 , 7 , 22 , 14 , 13 , 2 , 15 , 22 , 8 , 18 , 6 , 19 , 22 , 8 , 2 , 6 , 7 , 14 , 1 , 15 , 5 , 15 , 2 , 6 , 20 , 19 , 10 , 15 , 19 , 20 , 16 , 11 , 15 , 9 , 17 , 23 , 1 , 22 , 4 , 5 , 0 , 1 , 9 , 18 , 0 , 1 , 1 , 6 , 15 , 7 , 13 , 9 , 16 , 11 , 19 , 13 , 19 , 5 , 0 , 6 , 11 , 16 , 17 , 15 , 2 , 17 , 8 , 0 , 8 , 20 , 3 , 20 , 11 , 7 , 2 , 2 , 2 , 9 , 5 , 3 , 7 , 0 , 18 , 11 , 21 , 3 , 8 , 7 , 1 , 14 , 22 , 1 , 23 , 9 , 1 , 22 , 13 , 0 , 5 , 0 , 20 , 4 , 4 , 10 , 23 , 18 , 4 , 12 , 11 , 21 , 23 , 5 , 8 , 12 , 22 , 5 , 20 , 5 , 4 , 19 , 18 , 10 , 16 , 3 , 21 , 9 , 8 , 6 , 1 , 12 , 15 , 5 , 10 , 14 , 11 , 7 , 5 , 21 , 21 , 0 , 12 , 10 , 11 , 10 , 9 , 13 , 17 , 7 , 7 , 2 , 8 , 2 , 23 , 10 , 23 , 9 , 11 , 23 , 13 , 14 , 17 , 10 , 18 , 14 , 8 , 20 , 4 , 16 , 16 , 16 , 4 , 21 , 16 , 10 , 12 , 10 , 17 , 10 , 19 , 4 , 13 , 12 , 16 , 6 , 6 , 
Bins: 49 , 48 , 49 , 49 , 49 , 49 , 49 , 49 , 49 , 49 , 49 , 49 , 48 , 49 , 49 , 49 , 49 , 49 , 48 , 48 , 49 , 49 , 49 , 49 , 
Cost: 364720
time: 30.824728
nImprovAfterGreedy: 57
nImprovAfterRandom: 57
nMigrate: 144676
nSwap: 138896
n: 200
m: 50
Seed: 43240
