Items: 6 , 2 , 0 , 1 , 10 , 9 , 11 , 2 , 1 , 4 , 0 , 5 , 12 , 3 , 4 , 1 , 7 , 12 , 3 , 4 , 2 , 9 , 2 , 7 , 8 , 1 , 4 , 9 , 1 , 1 , 6 , 4 , 4 , 9 , 8 , 1 , 8 , 0 , 6 , 10 , 7 , 7 , 7 , 4 , 8 , 10 , 0 , 9 , 3 , 5 , 3 , 7 , 6 , 10 , 11 , 1 , 6 , 9 , 8 , 11 , 6 , 1 , 6 , 8 , 0 , 10 , 5 , 2 , 5 , 12 , 3 , 4 , 9 , 1 , 6 , 10 , 12 , 2 , 8 , 4 , 2 , 11 , 1 , 0 , 10 , 5 , 0 , 2 , 7 , 0 , 0 , 0 , 11 , 5 , 3 , 9 , 11 , 9 , 0 , 3 , 
Bins: 19 , 19 , 19 , 19 , 19 , 15 , 19 , 19 , 19 , 19 , 19 , 19 , 1 , 
Cost: 88315
time: 7.881966
nImprovAfterGreedy: 21
nImprovAfterRandom: 21
nMigrate: 196879
nSwap: 145028
n: 100
m: 20
Seed: 25742
