Items: 15 , 10 , 7 , 0 , 5 , 3 , 10 , 18 , 13 , 6 , 2 , 12 , 4 , 7 , 8 , 7 , 6 , 16 , 4 , 14 , 18 , 2 , 4 , 16 , 16 , 5 , 17 , 2 , 5 , 16 , 11 , 6 , 6 , 12 , 15 , 14 , 8 , 18 , 0 , 5 , 14 , 3 , 1 , 17 , 3 , 13 , 6 , 9 , 3 , 9 , 0 , 1 , 9 , 10 , 1 , 14 , 17 , 14 , 1 , 0 , 17 , 14 , 13 , 15 , 10 , 9 , 7 , 1 , 9 , 4 , 2 , 8 , 2 , 8 , 11 , 5 , 18 , 8 , 15 , 8 , 6 , 8 , 0 , 11 , 5 , 4 , 6 , 11 , 1 , 16 , 13 , 13 , 3 , 15 , 12 , 2 , 0 , 12 , 11 , 12 , 
Bins: 37 , 37 , 23 , 17 , 37 , 37 , 37 , 13 , 42 , 37 , 11 , 23 , 37 , 7 , 37 , 23 , 11 , 13 , 13 , 
Cost: 137506
time: 9.647214
nImprovAfterGreedy: 31
nImprovAfterRandom: 31
nMigrate: 147483
nSwap: 131395
n: 100
m: 50
Seed: 67644
