Items: 13 , 11 , 4 , 9 , 5 , 17 , 19 , 2 , 9 , 8 , 4 , 19 , 3 , 14 , 5 , 6 , 8 , 3 , 6 , 14 , 0 , 0 , 0 , 16 , 21 , 6 , 13 , 0 , 16 , 4 , 6 , 8 , 24 , 10 , 15 , 7 , 5 , 4 , 6 , 15 , 13 , 20 , 5 , 13 , 22 , 2 , 4 , 0 , 17 , 23 , 7 , 11 , 18 , 11 , 4 , 9 , 10 , 17 , 10 , 18 , 10 , 10 , 9 , 15 , 8 , 9 , 19 , 24 , 3 , 3 , 14 , 18 , 10 , 9 , 11 , 5 , 2 , 5 , 5 , 4 , 5 , 12 , 9 , 1 , 22 , 19 , 22 , 11 , 8 , 4 , 3 , 23 , 17 , 15 , 16 , 8 , 7 , 21 , 4 , 2 , 19 , 12 , 8 , 10 , 24 , 16 , 11 , 20 , 7 , 10 , 3 , 14 , 9 , 18 , 9 , 22 , 7 , 18 , 20 , 7 , 21 , 18 , 15 , 3 , 2 , 16 , 1 , 19 , 15 , 20 , 15 , 22 , 1 , 12 , 13 , 21 , 23 , 2 , 1 , 2 , 2 , 13 , 4 , 7 , 20 , 5 , 0 , 12 , 6 , 11 , 8 , 15 , 17 , 17 , 9 , 20 , 3 , 11 , 12 , 17 , 14 , 14 , 8 , 8 , 3 , 16 , 7 , 16 , 23 , 18 , 7 , 23 , 16 , 19 , 1 , 0 , 12 , 21 , 1 , 14 , 22 , 18 , 1 , 1 , 1 , 21 , 6 , 2 , 12 , 12 , 20 , 0 , 12 , 13 , 17 , 14 , 20 , 1 , 11 , 6 , 
Bins: 19 , 19 , 19 , 19 , 19 , 19 , 19 , 19 , 19 , 19 , 19 , 19 , 19 , 19 , 19 , 19 , 19 , 19 , 19 , 19 , 19 , 15 , 19 , 10 , 1 , 
Cost: 364768
time: 30.433211
nImprovAfterGreedy: 52
nImprovAfterRandom: 52
nMigrate: 211646
nSwap: 133747
n: 200
m: 20
Seed: 68628
