Items: 36 , 9 , 26 , 30 , 21 , 5 , 26 , 7 , 33 , 15 , 10 , 0 , 12 , 33 , 6 , 31 , 15 , 3 , 31 , 14 , 22 , 35 , 9 , 26 , 10 , 31 , 14 , 12 , 31 , 12 , 20 , 9 , 15 , 19 , 32 , 2 , 35 , 17 , 3 , 32 , 34 , 24 , 19 , 14 , 25 , 19 , 8 , 5 , 33 , 11 , 5 , 17 , 6 , 1 , 17 , 35 , 0 , 19 , 10 , 4 , 0 , 14 , 30 , 28 , 1 , 13 , 0 , 7 , 3 , 13 , 23 , 14 , 5 , 1 , 28 , 8 , 2 , 18 , 11 , 10 , 8 , 4 , 16 , 10 , 34 , 28 , 21 , 24 , 26 , 35 , 3 , 9 , 36 , 22 , 23 , 31 , 4 , 8 , 16 , 18 , 28 , 4 , 9 , 29 , 15 , 12 , 33 , 32 , 36 , 33 , 3 , 13 , 32 , 21 , 36 , 21 , 7 , 24 , 22 , 27 , 5 , 24 , 19 , 3 , 12 , 18 , 30 , 24 , 19 , 32 , 28 , 27 , 25 , 12 , 34 , 8 , 30 , 2 , 25 , 1 , 19 , 34 , 11 , 27 , 29 , 10 , 21 , 35 , 20 , 18 , 15 , 19 , 7 , 7 , 19 , 22 , 11 , 29 , 35 , 23 , 23 , 16 , 2 , 31 , 3 , 16 , 27 , 13 , 20 , 16 , 4 , 8 , 21 , 13 , 23 , 20 , 13 , 27 , 1 , 32 , 27 , 6 , 25 , 25 , 25 , 18 , 20 , 2 , 13 , 13 , 30 , 17 , 6 , 4 , 7 , 29 , 22 , 3 , 28 , 11 , 
Bins: 13 , 37 , 15 , 48 , 23 , 37 , 11 , 37 , 37 , 7 , 23 , 13 , 37 , 49 , 37 , 23 , 32 , 7 , 17 , 48 , 37 , 37 , 39 , 14 , 14 , 23 , 11 , 42 , 23 , 13 , 13 , 37 , 45 , 15 , 23 , 21 , 11 , 
Cost: 466229
time: 43.164961
nImprovAfterGreedy: 39
nImprovAfterRandom: 39
nMigrate: 160552
nSwap: 175676
n: 200
m: 50
Seed: 88409
