Items: 6 , 15 , 3 , 6 , 7 , 1 , 16 , 14 , 3 , 5 , 3 , 4 , 15 , 6 , 7 , 13 , 5 , 6 , 14 , 5 , 12 , 11 , 14 , 9 , 10 , 2 , 13 , 11 , 6 , 14 , 0 , 5 , 5 , 4 , 10 , 2 , 17 , 12 , 14 , 3 , 17 , 13 , 8 , 2 , 13 , 1 , 3 , 11 , 1 , 11 , 8 , 9 , 0 , 15 , 8 , 2 , 2 , 1 , 9 , 8 , 0 , 2 , 11 , 10 , 16 , 6 , 16 , 12 , 11 , 17 , 14 , 1 , 13 , 6 , 0 , 15 , 17 , 7 , 10 , 3 , 12 , 7 , 6 , 3 , 13 , 7 , 5 , 15 , 9 , 8 , 0 , 12 , 1 , 10 , 4 , 9 , 8 , 4 , 3 , 4 , 
Bins: 8 , 8 , 8 , 9 , 8 , 8 , 9 , 5 , 8 , 8 , 8 , 8 , 8 , 8 , 8 , 8 , 2 , 8 , 
Cost: 139584
time: 10.919735
nImprovAfterGreedy: 35
nImprovAfterRandom: 35
nMigrate: 255591
nSwap: 170685
n: 100
m: 10
Seed: 38953
