Items: 13 , 6 , 13 , 5 , 4 , 3 , 0 , 14 , 5 , 17 , 0 , 11 , 4 , 1 , 0 , 13 , 4 , 5 , 1 , 1 , 14 , 10 , 6 , 2 , 4 , 12 , 17 , 5 , 2 , 13 , 10 , 17 , 17 , 6 , 17 , 12 , 9 , 8 , 13 , 15 , 1 , 16 , 9 , 12 , 16 , 3 , 0 , 14 , 3 , 10 , 7 , 9 , 16 , 15 , 8 , 12 , 12 , 3 , 16 , 8 , 16 , 12 , 10 , 2 , 0 , 5 , 11 , 14 , 10 , 7 , 7 , 3 , 13 , 5 , 7 , 4 , 15 , 5 , 4 , 8 , 14 , 10 , 5 , 0 , 15 , 11 , 8 , 6 , 9 , 8 , 9 , 9 , 3 , 17 , 7 , 11 , 6 , 6 , 0 , 16 , 
Bins: 9 , 6 , 2 , 6 , 6 , 9 , 6 , 6 , 6 , 6 , 6 , 3 , 6 , 6 , 6 , 6 , 6 , 6 , 
Cost: 113885
time: 8.684074
nImprovAfterGreedy: 31
nImprovAfterRandom: 31
nMigrate: 184890
nSwap: 121063
n: 100
m: 10
Seed: 30286
