Items: 0 , 22 , 4 , 1 , 0 , 2 , 2 , 3 , 1 , 9 , 13 , 27 , 10 , 14 , 7 , 28 , 9 , 22 , 14 , 14 , 7 , 5 , 5 , 9 , 26 , 28 , 8 , 5 , 5 , 15 , 6 , 4 , 28 , 28 , 1 , 1 , 15 , 7 , 2 , 12 , 18 , 23 , 15 , 8 , 23 , 11 , 4 , 8 , 2 , 27 , 14 , 3 , 24 , 12 , 4 , 1 , 9 , 11 , 13 , 17 , 8 , 16 , 24 , 20 , 9 , 1 , 19 , 8 , 27 , 3 , 15 , 11 , 21 , 16 , 24 , 0 , 3 , 7 , 0 , 15 , 7 , 10 , 1 , 13 , 5 , 27 , 6 , 7 , 9 , 4 , 27 , 22 , 2 , 1 , 17 , 21 , 11 , 26 , 6 , 21 , 20 , 10 , 4 , 15 , 28 , 1 , 12 , 21 , 19 , 12 , 19 , 14 , 16 , 3 , 0 , 6 , 8 , 17 , 22 , 11 , 26 , 17 , 16 , 18 , 10 , 17 , 1 , 10 , 16 , 12 , 8 , 25 , 8 , 10 , 18 , 26 , 22 , 3 , 23 , 21 , 11 , 18 , 0 , 2 , 23 , 0 , 8 , 19 , 28 , 4 , 4 , 1 , 12 , 2 , 4 , 15 , 3 , 27 , 3 , 15 , 13 , 25 , 9 , 9 , 7 , 6 , 11 , 19 , 22 , 14 , 11 , 27 , 6 , 13 , 0 , 5 , 19 , 26 , 9 , 4 , 25 , 20 , 23 , 23 , 23 , 26 , 28 , 3 , 19 , 19 , 22 , 5 , 18 , 11 , 0 , 13 , 16 , 2 , 27 , 27 , 
Bins: 49 , 49 , 46 , 44 , 46 , 46 , 48 , 41 , 46 , 49 , 36 , 49 , 43 , 37 , 47 , 46 , 43 , 21 , 32 , 44 , 8 , 32 , 41 , 36 , 3 , 2 , 36 , 46 , 46 , 
Cost: 416890
time: 29.778241
nImprovAfterGreedy: 46
nImprovAfterRandom: 46
nMigrate: 114094
nSwap: 113792
n: 200
m: 50
Seed: 24296
