Items: 9 , 11 , 11 , 3 , 4 , 9 , 8 , 3 , 3 , 2 , 0 , 7 , 16 , 15 , 4 , 11 , 8 , 16 , 15 , 1 , 6 , 2 , 7 , 8 , 0 , 5 , 1 , 2 , 3 , 6 , 10 , 1 , 12 , 5 , 14 , 14 , 4 , 6 , 8 , 9 , 1 , 12 , 4 , 1 , 12 , 3 , 3 , 2 , 9 , 12 , 13 , 6 , 10 , 11 , 6 , 5 , 2 , 2 , 0 , 13 , 10 , 5 , 10 , 0 , 8 , 3 , 16 , 5 , 12 , 16 , 15 , 1 , 12 , 5 , 10 , 7 , 11 , 4 , 4 , 1 , 5 , 6 , 3 , 0 , 2 , 7 , 13 , 7 , 8 , 6 , 3 , 11 , 9 , 14 , 13 , 3 , 13 , 7 , 0 , 4 , 
Bins: 9 , 7 , 9 , 9 , 9 , 7 , 7 , 7 , 9 , 6 , 7 , 7 , 7 , 7 , 0 , 0 , 1 , 
Cost: 114731
time: 8.319813
nImprovAfterGreedy: 24
nImprovAfterRandom: 24
nMigrate: 198395
nSwap: 129557
n: 100
m: 10
Seed: 40234
