Items: 9 , 10 , 2 , 22 , 27 , 5 , 18 , 7 , 0 , 8 , 2 , 15 , 23 , 13 , 26 , 13 , 12 , 16 , 13 , 20 , 19 , 4 , 10 , 24 , 10 , 14 , 8 , 4 , 1 , 2 , 8 , 8 , 13 , 22 , 11 , 14 , 4 , 19 , 5 , 5 , 3 , 18 , 4 , 20 , 18 , 17 , 2 , 16 , 5 , 26 , 7 , 19 , 23 , 21 , 17 , 0 , 23 , 17 , 4 , 28 , 8 , 22 , 25 , 13 , 18 , 5 , 15 , 7 , 24 , 6 , 6 , 22 , 16 , 22 , 25 , 2 , 6 , 28 , 4 , 28 , 21 , 28 , 0 , 28 , 1 , 15 , 27 , 2 , 12 , 2 , 0 , 0 , 17 , 11 , 27 , 22 , 17 , 10 , 2 , 9 , 18 , 19 , 8 , 4 , 15 , 23 , 21 , 25 , 19 , 22 , 28 , 21 , 17 , 7 , 0 , 27 , 7 , 22 , 16 , 14 , 10 , 22 , 3 , 2 , 0 , 23 , 18 , 15 , 3 , 8 , 28 , 24 , 21 , 19 , 3 , 28 , 0 , 17 , 18 , 9 , 17 , 20 , 4 , 14 , 12 , 4 , 16 , 14 , 13 , 2 , 12 , 17 , 6 , 14 , 12 , 11 , 0 , 12 , 12 , 22 , 3 , 24 , 12 , 12 , 7 , 1 , 19 , 23 , 0 , 24 , 26 , 26 , 27 , 15 , 12 , 1 , 8 , 10 , 13 , 6 , 0 , 22 , 8 , 7 , 18 , 18 , 9 , 12 , 21 , 21 , 16 , 1 , 3 , 26 , 14 , 6 , 11 , 8 , 25 , 8 , 
Bins: 19 , 14 , 19 , 14 , 19 , 4 , 14 , 14 , 19 , 7 , 18 , 7 , 19 , 19 , 14 , 18 , 17 , 19 , 19 , 18 , 0 , 18 , 19 , 14 , 17 , 7 , 7 , 14 , 16 , 
Cost: 418782
time: 35.720739
nImprovAfterGreedy: 44
nImprovAfterRandom: 44
nMigrate: 198761
nSwap: 161777
n: 200
m: 20
Seed: 14607
