Items: 7 , 21 , 1 , 6 , 20 , 4 , 3 , 11 , 16 , 17 , 1 , 18 , 8 , 7 , 9 , 7 , 9 , 8 , 7 , 9 , 13 , 13 , 7 , 17 , 21 , 17 , 3 , 18 , 23 , 2 , 10 , 9 , 7 , 18 , 14 , 16 , 6 , 1 , 16 , 0 , 24 , 14 , 11 , 9 , 14 , 11 , 12 , 19 , 0 , 13 , 4 , 11 , 19 , 21 , 2 , 16 , 18 , 17 , 15 , 15 , 3 , 18 , 10 , 24 , 17 , 0 , 0 , 11 , 0 , 8 , 22 , 9 , 18 , 17 , 10 , 5 , 11 , 15 , 9 , 9 , 5 , 3 , 1 , 1 , 23 , 19 , 20 , 15 , 3 , 2 , 1 , 1 , 22 , 6 , 20 , 13 , 22 , 21 , 8 , 12 , 2 , 5 , 2 , 18 , 17 , 19 , 19 , 12 , 19 , 18 , 1 , 4 , 14 , 4 , 1 , 20 , 4 , 13 , 14 , 4 , 21 , 13 , 2 , 8 , 11 , 12 , 6 , 3 , 2 , 19 , 19 , 15 , 19 , 13 , 24 , 14 , 10 , 11 , 6 , 12 , 11 , 3 , 17 , 16 , 14 , 5 , 19 , 16 , 2 , 15 , 9 , 6 , 22 , 16 , 12 , 22 , 11 , 15 , 16 , 13 , 24 , 21 , 17 , 17 , 1 , 23 , 6 , 0 , 10 , 8 , 5 , 5 , 20 , 16 , 7 , 23 , 0 , 21 , 7 , 2 , 20 , 13 , 6 , 6 , 6 , 12 , 20 , 11 , 20 , 0 , 5 , 23 , 16 , 3 , 16 , 8 , 14 , 3 , 15 , 15 , 
Bins: 19 , 19 , 19 , 19 , 15 , 17 , 19 , 19 , 19 , 19 , 15 , 19 , 16 , 19 , 19 , 19 , 19 , 19 , 19 , 19 , 19 , 19 , 16 , 15 , 2 , 
Cost: 383383
time: 32.269856
nImprovAfterGreedy: 49
nImprovAfterRandom: 49
nMigrate: 228237
nSwap: 146147
n: 200
m: 20
Seed: 51906
