Items: 2 , 23 , 2 , 12 , 4 , 21 , 5 , 5 , 16 , 1 , 14 , 17 , 22 , 10 , 4 , 10 , 15 , 26 , 10 , 15 , 11 , 6 , 23 , 1 , 23 , 17 , 23 , 13 , 6 , 14 , 17 , 23 , 1 , 17 , 9 , 17 , 14 , 11 , 2 , 29 , 7 , 26 , 5 , 4 , 0 , 15 , 28 , 25 , 21 , 6 , 18 , 11 , 3 , 30 , 27 , 14 , 20 , 15 , 12 , 27 , 20 , 13 , 30 , 9 , 12 , 14 , 16 , 31 , 18 , 22 , 29 , 15 , 9 , 12 , 30 , 28 , 26 , 4 , 4 , 14 , 14 , 24 , 6 , 24 , 12 , 3 , 7 , 2 , 23 , 27 , 18 , 2 , 21 , 9 , 29 , 31 , 6 , 28 , 0 , 29 , 16 , 28 , 23 , 20 , 1 , 3 , 30 , 31 , 4 , 17 , 24 , 14 , 25 , 18 , 27 , 7 , 5 , 11 , 26 , 8 , 18 , 12 , 19 , 28 , 15 , 27 , 9 , 24 , 19 , 3 , 19 , 0 , 21 , 11 , 7 , 25 , 26 , 0 , 8 , 31 , 15 , 24 , 1 , 13 , 19 , 13 , 21 , 21 , 10 , 0 , 28 , 9 , 29 , 5 , 27 , 19 , 18 , 2 , 18 , 28 , 7 , 22 , 25 , 28 , 5 , 10 , 8 , 16 , 26 , 22 , 6 , 6 , 18 , 3 , 25 , 21 , 16 , 25 , 10 , 14 , 0 , 11 , 8 , 8 , 8 , 5 , 2 , 15 , 16 , 16 , 26 , 13 , 16 , 23 , 5 , 22 , 19 , 5 , 30 , 17 , 
Bins: 44 , 44 , 44 , 38 , 44 , 48 , 46 , 46 , 44 , 44 , 48 , 48 , 44 , 38 , 49 , 48 , 48 , 48 , 48 , 38 , 13 , 46 , 48 , 48 , 44 , 44 , 48 , 38 , 48 , 44 , 38 , 38 , 
Cost: 388526
time: 27.597969
nImprovAfterGreedy: 65
nImprovAfterRandom: 65
nMigrate: 104798
nSwap: 84445
n: 200
m: 50
Seed: 10900
