Items: 9 , 14 , 4 , 6 , 12 , 10 , 1 , 3 , 6 , 13 , 4 , 16 , 10 , 9 , 8 , 9 , 13 , 6 , 9 , 8 , 3 , 0 , 3 , 13 , 14 , 9 , 14 , 6 , 16 , 4 , 0 , 14 , 13 , 7 , 2 , 14 , 7 , 4 , 1 , 12 , 13 , 2 , 7 , 8 , 2 , 7 , 11 , 14 , 10 , 0 , 15 , 5 , 1 , 14 , 11 , 16 , 5 , 7 , 5 , 11 , 1 , 6 , 0 , 12 , 6 , 15 , 2 , 5 , 0 , 15 , 15 , 8 , 2 , 6 , 16 , 12 , 3 , 8 , 12 , 8 , 11 , 0 , 6 , 15 , 5 , 16 , 11 , 10 , 7 , 4 , 4 , 4 , 10 , 2 , 11 , 7 , 1 , 10 , 4 , 7 , 
Bins: 27 , 27 , 27 , 19 , 48 , 27 , 46 , 48 , 44 , 27 , 19 , 27 , 44 , 19 , 48 , 19 , 11 , 
Cost: 113315
time: 7.948095
nImprovAfterGreedy: 40
nImprovAfterRandom: 40
nMigrate: 117723
nSwap: 101184
n: 100
m: 50
Seed: 58893
