Items: 6 , 5 , 1 , 8 , 3 , 10 , 2 , 5 , 4 , 7 , 1 , 11 , 12 , 6 , 3 , 6 , 7 , 4 , 6 , 6 , 5 , 0 , 5 , 7 , 10 , 0 , 6 , 0 , 0 , 1 , 2 , 7 , 7 , 0 , 8 , 8 , 3 , 1 , 2 , 9 , 6 , 4 , 4 , 3 , 4 , 4 , 7 , 5 , 10 , 4 , 12 , 9 , 2 , 9 , 7 , 0 , 0 , 10 , 10 , 8 , 2 , 0 , 2 , 10 , 7 , 9 , 11 , 5 , 4 , 12 , 11 , 3 , 6 , 0 , 2 , 9 , 8 , 3 , 3 , 1 , 5 , 1 , 8 , 1 , 9 , 3 , 1 , 5 , 9 , 1 , 4 , 4 , 10 , 8 , 11 , 0 , 8 , 11 , 1 , 3 , 
Bins: 19 , 19 , 19 , 19 , 19 , 19 , 19 , 19 , 19 , 19 , 19 , 15 , 6 , 
Cost: 88200
time: 7.653196
nImprovAfterGreedy: 27
nImprovAfterRandom: 27
nMigrate: 188288
nSwap: 135501
n: 100
m: 20
Seed: 86555
