Items: 0 , 3 , 4 , 5 , 2 , 10 , 1 , 3 , 9 , 6 , 4 , 7 , 9 , 10 , 2 , 0 , 6 , 9 , 3 , 10 , 3 , 3 , 3 , 6 , 8 , 5 , 0 , 0 , 5 , 4 , 1 , 6 , 6 , 5 , 12 , 5 , 2 , 4 , 1 , 8 , 11 , 8 , 11 , 2 , 8 , 9 , 6 , 3 , 10 , 9 , 3 , 11 , 1 , 8 , 11 , 5 , 6 , 10 , 8 , 11 , 1 , 5 , 1 , 12 , 6 , 9 , 10 , 0 , 9 , 7 , 7 , 2 , 0 , 5 , 1 , 0 , 7 , 2 , 2 , 4 , 0 , 4 , 5 , 4 , 8 , 2 , 4 , 1 , 0 , 4 , 9 , 9 , 10 , 10 , 7 , 5 , 11 , 7 , 4 , 2 , 
Bins: 49 , 49 , 49 , 49 , 49 , 49 , 49 , 48 , 49 , 49 , 49 , 38 , 2 , 
Cost: 88019
time: 6.938743
nImprovAfterGreedy: 30
nImprovAfterRandom: 30
nMigrate: 119164
nSwap: 103963
n: 100
m: 50
Seed: 70664
