Items: 5 , 8 , 2 , 3 , 9 , 7 , 0 , 3 , 3 , 6 , 2 , 10 , 9 , 7 , 6 , 5 , 11 , 2 , 7 , 7 , 12 , 6 , 9 , 11 , 1 , 5 , 6 , 5 , 9 , 2 , 0 , 6 , 4 , 8 , 1 , 3 , 8 , 12 , 0 , 1 , 11 , 4 , 3 , 6 , 4 , 3 , 2 , 6 , 7 , 4 , 3 , 12 , 0 , 11 , 12 , 9 , 6 , 7 , 1 , 3 , 0 , 5 , 0 , 1 , 11 , 9 , 7 , 8 , 4 , 2 , 10 , 6 , 5 , 5 , 0 , 5 , 10 , 8 , 1 , 6 , 5 , 0 , 3 , 2 , 12 , 9 , 2 , 8 , 8 , 2 , 2 , 4 , 7 , 1 , 10 , 8 , 3 , 10 , 2 , 8 , 
Bins: 19 , 19 , 19 , 19 , 11 , 19 , 19 , 19 , 19 , 8 , 11 , 8 , 11 , 
Cost: 100072
time: 8.123358
nImprovAfterGreedy: 22
nImprovAfterRandom: 22
nMigrate: 197552
nSwap: 149991
n: 100
m: 20
Seed: 65023
