Items: 10 , 5 , 3 , 2 , 12 , 8 , 4 , 2 , 2 , 6 , 3 , 7 , 0 , 4 , 6 , 4 , 11 , 6 , 4 , 9 , 5 , 9 , 5 , 11 , 1 , 9 , 6 , 9 , 9 , 3 , 10 , 6 , 6 , 5 , 1 , 9 , 5 , 3 , 10 , 7 , 11 , 1 , 1 , 6 , 1 , 2 , 3 , 6 , 8 , 11 , 2 , 0 , 10 , 4 , 0 , 9 , 9 , 8 , 1 , 12 , 10 , 9 , 10 , 1 , 4 , 2 , 7 , 2 , 7 , 0 , 7 , 6 , 10 , 9 , 10 , 3 , 4 , 5 , 1 , 3 , 5 , 3 , 2 , 3 , 12 , 7 , 12 , 5 , 11 , 3 , 2 , 2 , 8 , 8 , 7 , 11 , 8 , 7 , 3 , 5 , 
Bins: 2 , 19 , 19 , 19 , 19 , 19 , 19 , 19 , 8 , 19 , 19 , 8 , 2 , 
Cost: 99960
time: 8.909038
nImprovAfterGreedy: 34
nImprovAfterRandom: 34
nMigrate: 217226
nSwap: 178108
n: 100
m: 20
Seed: 46685
