Items: 14 , 11 , 11 , 0 , 14 , 12 , 4 , 0 , 0 , 8 , 1 , 7 , 13 , 15 , 3 , 15 , 8 , 1 , 15 , 9 , 11 , 2 , 14 , 15 , 1 , 5 , 8 , 0 , 15 , 1 , 2 , 8 , 10 , 7 , 10 , 10 , 3 , 11 , 4 , 0 , 9 , 13 , 3 , 5 , 13 , 12 , 4 , 12 , 13 , 2 , 9 , 13 , 16 , 12 , 8 , 5 , 5 , 9 , 1 , 16 , 4 , 5 , 2 , 6 , 4 , 0 , 16 , 6 , 2 , 10 , 16 , 8 , 6 , 0 , 14 , 14 , 12 , 3 , 14 , 8 , 5 , 2 , 0 , 1 , 7 , 3 , 1 , 3 , 6 , 3 , 4 , 11 , 13 , 10 , 4 , 6 , 9 , 7 , 1 , 7 , 
Bins: 18 , 19 , 15 , 18 , 17 , 15 , 15 , 15 , 15 , 15 , 15 , 15 , 15 , 16 , 15 , 18 , 13 , 
Cost: 114516
time: 9.468328
nImprovAfterGreedy: 39
nImprovAfterRandom: 39
nMigrate: 158173
nSwap: 136502
n: 100
m: 20
Seed: 44779
