Items: 5 , 4 , 0 , 7 , 11 , 3 , 10 , 4 , 0 , 2 , 0 , 12 , 11 , 5 , 9 , 5 , 2 , 11 , 5 , 5 , 9 , 1 , 12 , 1 , 6 , 1 , 5 , 12 , 1 , 0 , 10 , 2 , 2 , 1 , 6 , 7 , 6 , 9 , 10 , 8 , 5 , 1 , 2 , 3 , 6 , 4 , 0 , 3 , 3 , 4 , 7 , 9 , 10 , 8 , 9 , 2 , 2 , 3 , 6 , 7 , 10 , 7 , 10 , 6 , 2 , 8 , 0 , 4 , 11 , 11 , 12 , 3 , 5 , 8 , 10 , 8 , 4 , 9 , 6 , 0 , 4 , 9 , 7 , 0 , 8 , 11 , 0 , 10 , 1 , 0 , 0 , 4 , 3 , 11 , 12 , 1 , 7 , 12 , 0 , 1 , 
Bins: 49 , 36 , 36 , 36 , 45 , 49 , 49 , 36 , 36 , 36 , 49 , 36 , 36 , 
Cost: 99432
time: 6.778680
nImprovAfterGreedy: 25
nImprovAfterRandom: 25
nMigrate: 128461
nSwap: 102202
n: 100
m: 50
Seed: 92416
