Items: 9 , 27 , 17 , 24 , 9 , 1 , 18 , 17 , 8 , 10 , 22 , 2 , 8 , 7 , 5 , 7 , 12 , 29 , 7 , 24 , 23 , 10 , 25 , 30 , 22 , 10 , 5 , 8 , 10 , 16 , 16 , 12 , 12 , 10 , 3 , 29 , 9 , 23 , 1 , 3 , 4 , 14 , 9 , 5 , 14 , 11 , 12 , 21 , 1 , 0 , 28 , 23 , 29 , 27 , 23 , 15 , 15 , 10 , 22 , 24 , 15 , 15 , 24 , 3 , 7 , 22 , 2 , 20 , 2 , 28 , 4 , 5 , 13 , 24 , 29 , 27 , 11 , 27 , 9 , 5 , 20 , 16 , 24 , 17 , 19 , 2 , 19 , 27 , 5 , 16 , 17 , 17 , 11 , 13 , 1 , 10 , 28 , 26 , 22 , 30 , 6 , 25 , 12 , 15 , 12 , 8 , 8 , 13 , 8 , 1 , 17 , 28 , 21 , 17 , 6 , 19 , 17 , 18 , 21 , 23 , 26 , 0 , 3 , 4 , 11 , 6 , 13 , 18 , 3 , 8 , 13 , 19 , 13 , 0 , 4 , 26 , 29 , 11 , 14 , 30 , 11 , 18 , 10 , 15 , 14 , 25 , 13 , 25 , 7 , 27 , 26 , 13 , 1 , 0 , 24 , 21 , 10 , 27 , 16 , 0 , 4 , 2 , 24 , 10 , 17 , 29 , 23 , 6 , 20 , 28 , 0 , 0 , 16 , 2 , 9 , 20 , 16 , 26 , 7 , 15 , 19 , 9 , 14 , 14 , 14 , 26 , 18 , 11 , 16 , 6 , 25 , 20 , 12 , 5 , 25 , 22 , 21 , 15 , 8 , 8 , 
Bins: 8 , 9 , 9 , 9 , 8 , 9 , 8 , 9 , 9 , 9 , 9 , 9 , 8 , 9 , 8 , 8 , 9 , 8 , 9 , 8 , 8 , 9 , 9 , 8 , 8 , 8 , 8 , 9 , 8 , 9 , 2 , 
Cost: 389635
time: 31.760509
nImprovAfterGreedy: 50
nImprovAfterRandom: 50
nMigrate: 195711
nSwap: 124752
n: 200
m: 10
Seed: 34737
