Items: 5 , 27 , 8 , 24 , 12 , 23 , 14 , 5 , 14 , 21 , 2 , 25 , 11 , 19 , 3 , 15 , 17 , 11 , 15 , 20 , 22 , 9 , 27 , 0 , 17 , 15 , 21 , 0 , 9 , 2 , 32 , 21 , 21 , 18 , 29 , 6 , 17 , 22 , 5 , 8 , 1 , 11 , 17 , 28 , 11 , 31 , 7 , 28 , 13 , 10 , 6 , 22 , 32 , 27 , 22 , 16 , 18 , 31 , 17 , 24 , 18 , 20 , 32 , 4 , 19 , 2 , 23 , 16 , 29 , 26 , 26 , 20 , 23 , 9 , 32 , 12 , 19 , 3 , 17 , 2 , 16 , 3 , 9 , 8 , 4 , 25 , 33 , 24 , 17 , 2 , 33 , 10 , 14 , 29 , 26 , 9 , 31 , 7 , 2 , 30 , 25 , 32 , 21 , 18 , 15 , 0 , 0 , 8 , 3 , 1 , 12 , 6 , 9 , 6 , 8 , 33 , 6 , 9 , 11 , 6 , 7 , 9 , 25 , 1 , 14 , 30 , 8 , 33 , 4 , 21 , 4 , 30 , 13 , 13 , 1 , 7 , 11 , 14 , 31 , 20 , 31 , 12 , 18 , 20 , 16 , 4 , 0 , 13 , 15 , 30 , 7 , 29 , 26 , 30 , 17 , 29 , 5 , 24 , 5 , 23 , 10 , 32 , 14 , 7 , 28 , 6 , 27 , 28 , 10 , 24 , 3 , 2 , 33 , 13 , 5 , 10 , 13 , 1 , 2 , 16 , 0 , 22 , 16 , 5 , 19 , 7 , 12 , 5 , 13 , 13 , 11 , 23 , 31 , 3 , 27 , 19 , 11 , 2 , 25 , 25 , 
Bins: 18 , 15 , 19 , 18 , 15 , 18 , 19 , 15 , 18 , 18 , 12 , 19 , 15 , 19 , 18 , 15 , 15 , 19 , 18 , 18 , 15 , 15 , 15 , 15 , 4 , 15 , 15 , 15 , 4 , 15 , 15 , 15 , 19 , 15 , 
Cost: 391447
time: 31.335249
nImprovAfterGreedy: 51
nImprovAfterRandom: 51
nMigrate: 154261
nSwap: 102999
n: 200
m: 20
Seed: 18278
