Items: 21 , 4 , 21 , 12 , 25 , 16 , 24 , 5 , 1 , 12 , 15 , 1 , 27 , 14 , 19 , 21 , 9 , 4 , 20 , 19 , 17 , 13 , 4 , 9 , 4 , 1 , 16 , 27 , 28 , 21 , 24 , 9 , 20 , 30 , 11 , 2 , 13 , 17 , 24 , 15 , 23 , 23 , 5 , 19 , 23 , 7 , 9 , 16 , 3 , 13 , 10 , 17 , 24 , 27 , 17 , 1 , 6 , 7 , 15 , 10 , 24 , 6 , 8 , 11 , 12 , 14 , 14 , 25 , 8 , 19 , 14 , 19 , 16 , 12 , 8 , 0 , 29 , 19 , 11 , 19 , 25 , 13 , 18 , 15 , 28 , 25 , 20 , 0 , 22 , 18 , 18 , 18 , 3 , 2 , 30 , 12 , 2 , 0 , 21 , 30 , 25 , 10 , 21 , 6 , 25 , 27 , 27 , 29 , 3 , 30 , 1 , 10 , 11 , 5 , 3 , 20 , 5 , 10 , 17 , 2 , 4 , 13 , 26 , 23 , 18 , 30 , 2 , 9 , 26 , 0 , 26 , 15 , 16 , 3 , 23 , 15 , 18 , 3 , 7 , 6 , 7 , 22 , 8 , 6 , 26 , 11 , 16 , 1 , 12 , 21 , 9 , 2 , 30 , 5 , 9 , 26 , 18 , 0 , 5 , 13 , 10 , 22 , 12 , 12 , 5 , 28 , 2 , 8 , 18 , 22 , 13 , 0 , 22 , 14 , 11 , 28 , 1 , 4 , 20 , 10 , 18 , 17 , 7 , 7 , 12 , 5 , 24 , 0 , 1 , 27 , 21 , 28 , 7 , 13 , 5 , 14 , 26 , 6 , 8 , 9 , 
Bins: 8 , 8 , 9 , 9 , 9 , 8 , 8 , 8 , 9 , 8 , 8 , 9 , 9 , 9 , 9 , 9 , 9 , 8 , 9 , 9 , 8 , 9 , 9 , 8 , 9 , 8 , 8 , 8 , 8 , 0 , 9 , 
Cost: 390319
time: 31.677180
nImprovAfterGreedy: 51
nImprovAfterRandom: 51
nMigrate: 199167
nSwap: 119715
n: 200
m: 10
Seed: 72714
