Items: 6 , 7 , 4 , 14 , 10 , 6 , 9 , 13 , 11 , 5 , 4 , 16 , 13 , 8 , 0 , 8 , 15 , 11 , 8 , 1 , 13 , 7 , 13 , 5 , 7 , 11 , 7 , 8 , 11 , 4 , 10 , 7 , 2 , 1 , 3 , 11 , 15 , 4 , 6 , 16 , 5 , 12 , 15 , 0 , 3 , 1 , 4 , 7 , 6 , 2 , 11 , 12 , 10 , 7 , 12 , 11 , 9 , 1 , 4 , 12 , 9 , 1 , 14 , 3 , 9 , 14 , 16 , 2 , 3 , 11 , 8 , 1 , 8 , 14 , 10 , 15 , 13 , 0 , 15 , 0 , 15 , 0 , 14 , 2 , 16 , 10 , 5 , 15 , 1 , 4 , 4 , 2 , 6 , 3 , 9 , 1 , 14 , 6 , 4 , 12 , 
Bins: 30 , 48 , 29 , 28 , 48 , 18 , 27 , 48 , 44 , 47 , 27 , 48 , 34 , 38 , 27 , 48 , 38 , 
Cost: 113803
time: 8.152483
nImprovAfterGreedy: 29
nImprovAfterRandom: 29
nMigrate: 110720
nSwap: 103315
n: 100
m: 50
Seed: 68807
