Items: 4 , 9 , 1 , 2 , 12 , 10 , 6 , 2 , 2 , 13 , 1 , 11 , 9 , 10 , 3 , 4 , 6 , 2 , 15 , 10 , 3 , 5 , 9 , 6 , 13 , 0 , 5 , 4 , 0 , 1 , 15 , 13 , 13 , 0 , 8 , 7 , 14 , 1 , 10 , 12 , 14 , 8 , 14 , 5 , 8 , 2 , 1 , 5 , 10 , 13 , 15 , 14 , 7 , 9 , 12 , 0 , 5 , 10 , 13 , 7 , 5 , 0 , 5 , 14 , 6 , 2 , 8 , 4 , 8 , 0 , 11 , 6 , 4 , 0 , 15 , 0 , 7 , 3 , 14 , 1 , 4 , 3 , 2 , 1 , 12 , 3 , 12 , 3 , 6 , 1 , 2 , 9 , 10 , 8 , 11 , 2 , 7 , 11 , 1 , 11 , 
Bins: 6 , 9 , 9 , 5 , 9 , 6 , 9 , 6 , 6 , 6 , 9 , 6 , 6 , 6 , 6 , 6 , 
Cost: 102175
time: 8.268878
nImprovAfterGreedy: 29
nImprovAfterRandom: 29
nMigrate: 207848
nSwap: 126061
n: 100
m: 10
Seed: 82375
