Items: 0 , 15 , 19 , 2 , 28 , 5 , 8 , 6 , 8 , 9 , 7 , 28 , 6 , 11 , 25 , 11 , 19 , 29 , 11 , 10 , 4 , 1 , 4 , 30 , 20 , 1 , 13 , 1 , 1 , 5 , 14 , 19 , 13 , 1 , 3 , 2 , 9 , 18 , 0 , 0 , 9 , 10 , 2 , 29 , 10 , 22 , 19 , 4 , 0 , 21 , 30 , 23 , 24 , 15 , 23 , 17 , 2 , 1 , 7 , 30 , 14 , 17 , 10 , 8 , 7 , 11 , 5 , 24 , 3 , 29 , 29 , 13 , 25 , 17 , 26 , 12 , 22 , 25 , 19 , 5 , 12 , 14 , 2 , 7 , 23 , 24 , 5 , 15 , 4 , 14 , 14 , 21 , 0 , 3 , 28 , 1 , 2 , 20 , 15 , 26 , 16 , 12 , 23 , 9 , 13 , 24 , 6 , 25 , 0 , 19 , 14 , 30 , 17 , 6 , 17 , 10 , 6 , 16 , 18 , 18 , 20 , 16 , 3 , 27 , 22 , 6 , 2 , 25 , 8 , 24 , 23 , 6 , 14 , 16 , 27 , 20 , 21 , 22 , 7 , 26 , 13 , 8 , 1 , 2 , 24 , 12 , 4 , 27 , 11 , 15 , 19 , 2 , 9 , 27 , 19 , 3 , 22 , 15 , 22 , 5 , 27 , 21 , 20 , 1 , 29 , 24 , 18 , 29 , 21 , 30 , 12 , 12 , 25 , 27 , 4 , 0 , 14 , 20 , 11 , 30 , 21 , 23 , 18 , 22 , 7 , 16 , 28 , 22 , 14 , 16 , 4 , 5 , 8 , 13 , 10 , 7 , 17 , 22 , 15 , 15 , 
Bins: 9 , 9 , 9 , 6 , 9 , 6 , 6 , 9 , 9 , 6 , 6 , 9 , 6 , 6 , 9 , 9 , 6 , 9 , 6 , 6 , 6 , 6 , 9 , 6 , 6 , 9 , 1 , 6 , 6 , 6 , 6 , 
Cost: 394210
time: 31.747241
nImprovAfterGreedy: 38
nImprovAfterRandom: 38
nMigrate: 192254
nSwap: 123395
n: 200
m: 10
Seed: 84624
