Items: 13 , 19 , 10 , 15 , 22 , 1 , 20 , 2 , 8 , 17 , 10 , 0 , 9 , 5 , 4 , 5 , 3 , 9 , 5 , 3 , 6 , 17 , 6 , 3 , 19 , 17 , 4 , 11 , 17 , 4 , 13 , 4 , 5 , 12 , 16 , 21 , 14 , 10 , 13 , 23 , 14 , 18 , 0 , 4 , 23 , 2 , 3 , 6 , 1 , 7 , 21 , 2 , 13 , 23 , 24 , 17 , 12 , 17 , 15 , 3 , 12 , 12 , 18 , 14 , 15 , 8 , 8 , 11 , 16 , 9 , 8 , 4 , 12 , 15 , 13 , 23 , 2 , 19 , 14 , 4 , 11 , 20 , 15 , 10 , 15 , 0 , 22 , 19 , 4 , 10 , 10 , 10 , 1 , 16 , 22 , 17 , 20 , 19 , 9 , 24 , 0 , 20 , 4 , 12 , 5 , 11 , 11 , 18 , 15 , 12 , 10 , 21 , 11 , 21 , 10 , 22 , 21 , 7 , 18 , 21 , 19 , 7 , 16 , 9 , 2 , 3 , 0 , 20 , 16 , 11 , 13 , 23 , 0 , 7 , 14 , 23 , 18 , 2 , 0 , 24 , 2 , 20 , 17 , 1 , 11 , 15 , 18 , 1 , 5 , 23 , 3 , 0 , 12 , 1 , 3 , 16 , 2 , 19 , 17 , 7 , 14 , 22 , 19 , 17 , 10 , 21 , 15 , 8 , 18 , 9 , 7 , 7 , 22 , 8 , 2 , 6 , 8 , 19 , 5 , 12 , 22 , 7 , 11 , 2 , 0 , 0 , 13 , 2 , 8 , 8 , 18 , 6 , 20 , 4 , 1 , 9 , 16 , 17 , 13 , 13 , 
Bins: 19 , 16 , 19 , 19 , 19 , 19 , 15 , 19 , 19 , 19 , 19 , 19 , 19 , 19 , 19 , 19 , 19 , 19 , 19 , 19 , 19 , 19 , 19 , 19 , 4 , 
Cost: 365209
time: 30.695665
nImprovAfterGreedy: 49
nImprovAfterRandom: 49
nMigrate: 215439
nSwap: 136736
n: 200
m: 20
Seed: 51533
