Items: 14 , 15 , 11 , 10 , 13 , 6 , 11 , 16 , 1 , 4 , 8 , 3 , 15 , 7 , 7 , 14 , 4 , 8 , 7 , 12 , 5 , 10 , 15 , 4 , 8 , 14 , 14 , 10 , 10 , 8 , 13 , 9 , 9 , 3 , 9 , 9 , 0 , 5 , 11 , 10 , 4 , 12 , 16 , 6 , 12 , 1 , 9 , 6 , 2 , 12 , 16 , 5 , 13 , 15 , 5 , 9 , 11 , 6 , 8 , 17 , 11 , 12 , 14 , 0 , 11 , 2 , 16 , 2 , 12 , 17 , 17 , 6 , 14 , 10 , 13 , 13 , 17 , 7 , 0 , 8 , 16 , 7 , 1 , 7 , 10 , 2 , 4 , 15 , 2 , 8 , 1 , 1 , 1 , 9 , 3 , 2 , 16 , 3 , 8 , 3 , 
Bins: 2 , 11 , 7 , 11 , 7 , 6 , 11 , 18 , 19 , 11 , 18 , 18 , 11 , 11 , 11 , 11 , 11 , 6 , 
Cost: 113681
time: 8.941498
nImprovAfterGreedy: 30
nImprovAfterRandom: 30
nMigrate: 161193
nSwap: 125061
n: 100
m: 20
Seed: 6285
