Items: 0 , 16 , 2 , 5 , 10 , 24 , 8 , 4 , 8 , 21 , 31 , 15 , 36 , 21 , 23 , 32 , 10 , 5 , 32 , 25 , 12 , 22 , 10 , 21 , 35 , 32 , 23 , 20 , 9 , 31 , 3 , 34 , 21 , 28 , 29 , 5 , 10 , 12 , 24 , 22 , 34 , 17 , 10 , 23 , 17 , 25 , 11 , 33 , 24 , 13 , 1 , 0 , 19 , 14 , 12 , 20 , 20 , 6 , 11 , 11 , 23 , 20 , 0 , 30 , 18 , 36 , 8 , 9 , 13 , 36 , 3 , 28 , 33 , 18 , 1 , 29 , 14 , 5 , 10 , 23 , 31 , 12 , 5 , 5 , 22 , 15 , 31 , 1 , 15 , 12 , 26 , 27 , 7 , 36 , 19 , 15 , 7 , 35 , 31 , 28 , 15 , 14 , 34 , 20 , 32 , 19 , 24 , 2 , 8 , 28 , 26 , 1 , 23 , 4 , 2 , 9 , 4 , 8 , 16 , 4 , 35 , 18 , 15 , 34 , 25 , 19 , 5 , 26 , 12 , 22 , 34 , 5 , 34 , 18 , 17 , 17 , 27 , 25 , 30 , 28 , 6 , 26 , 13 , 7 , 11 , 29 , 33 , 17 , 32 , 4 , 11 , 7 , 14 , 7 , 11 , 33 , 25 , 13 , 16 , 18 , 35 , 27 , 35 , 9 , 4 , 19 , 30 , 24 , 27 , 1 , 6 , 31 , 3 , 7 , 0 , 9 , 23 , 35 , 21 , 14 , 27 , 13 , 11 , 16 , 30 , 4 , 3 , 25 , 3 , 24 , 0 , 9 , 34 , 6 , 17 , 36 , 29 , 20 , 0 , 3 , 
Bins: 8 , 8 , 2 , 8 , 8 , 9 , 2 , 8 , 6 , 8 , 8 , 8 , 8 , 8 , 8 , 8 , 2 , 8 , 3 , 8 , 8 , 8 , 2 , 9 , 8 , 6 , 3 , 8 , 8 , 3 , 3 , 8 , 8 , 8 , 8 , 8 , 8 , 
Cost: 468844
time: 37.928176
nImprovAfterGreedy: 47
nImprovAfterRandom: 47
nMigrate: 234167
nSwap: 142843
n: 200
m: 10
Seed: 82874
