Items: 3 , 25 , 9 , 5 , 1 , 16 , 5 , 6 , 10 , 0 , 6 , 28 , 10 , 31 , 12 , 24 , 0 , 9 , 27 , 8 , 16 , 7 , 20 , 14 , 11 , 14 , 24 , 10 , 14 , 18 , 18 , 0 , 17 , 22 , 2 , 6 , 1 , 12 , 18 , 3 , 0 , 19 , 31 , 4 , 19 , 15 , 23 , 30 , 16 , 28 , 6 , 21 , 20 , 25 , 30 , 17 , 27 , 15 , 21 , 21 , 21 , 22 , 24 , 2 , 5 , 20 , 23 , 26 , 1 , 32 , 11 , 15 , 30 , 22 , 28 , 1 , 32 , 12 , 1 , 12 , 8 , 12 , 24 , 9 , 22 , 20 , 18 , 25 , 14 , 18 , 9 , 9 , 16 , 2 , 5 , 14 , 31 , 11 , 30 , 29 , 7 , 8 , 0 , 27 , 17 , 10 , 10 , 32 , 3 , 17 , 9 , 8 , 20 , 6 , 15 , 24 , 6 , 7 , 4 , 6 , 11 , 7 , 4 , 17 , 29 , 29 , 5 , 12 , 2 , 3 , 21 , 25 , 24 , 23 , 19 , 19 , 9 , 5 , 26 , 29 , 15 , 31 , 28 , 31 , 26 , 22 , 30 , 19 , 27 , 25 , 0 , 2 , 16 , 15 , 26 , 4 , 3 , 25 , 26 , 1 , 7 , 8 , 11 , 14 , 6 , 14 , 13 , 23 , 13 , 31 , 15 , 7 , 18 , 23 , 3 , 13 , 23 , 11 , 27 , 8 , 20 , 1 , 26 , 26 , 14 , 7 , 18 , 3 , 23 , 23 , 13 , 13 , 17 , 15 , 19 , 8 , 4 , 27 , 28 , 18 , 
Bins: 24 , 48 , 27 , 42 , 27 , 45 , 48 , 19 , 48 , 26 , 27 , 27 , 44 , 27 , 48 , 48 , 26 , 27 , 48 , 27 , 44 , 14 , 19 , 48 , 27 , 44 , 26 , 48 , 19 , 11 , 27 , 44 , 10 , 
Cost: 416423
time: 32.401096
nImprovAfterGreedy: 56
nImprovAfterRandom: 56
nMigrate: 146334
nSwap: 114485
n: 200
m: 50
Seed: 69515
