Items: 0 , 1 , 30 , 2 , 3 , 26 , 11 , 2 , 2 , 7 , 11 , 21 , 3 , 8 , 6 , 30 , 10 , 18 , 29 , 6 , 18 , 25 , 1 , 13 , 14 , 13 , 6 , 25 , 13 , 18 , 30 , 7 , 15 , 13 , 15 , 2 , 28 , 0 , 0 , 4 , 7 , 20 , 16 , 6 , 3 , 16 , 2 , 27 , 8 , 24 , 22 , 19 , 12 , 19 , 7 , 21 , 21 , 16 , 11 , 26 , 21 , 21 , 24 , 28 , 10 , 8 , 11 , 12 , 24 , 30 , 14 , 6 , 27 , 23 , 19 , 3 , 17 , 1 , 3 , 6 , 25 , 26 , 2 , 11 , 4 , 12 , 26 , 1 , 10 , 26 , 5 , 15 , 16 , 15 , 5 , 13 , 23 , 14 , 1 , 31 , 9 , 14 , 7 , 21 , 13 , 12 , 19 , 17 , 2 , 31 , 18 , 22 , 23 , 15 , 23 , 25 , 17 , 22 , 9 , 17 , 22 , 20 , 18 , 3 , 16 , 5 , 2 , 8 , 18 , 12 , 10 , 4 , 26 , 20 , 4 , 14 , 9 , 16 , 15 , 31 , 16 , 11 , 24 , 23 , 12 , 20 , 27 , 20 , 29 , 1 , 10 , 16 , 17 , 2 , 2 , 28 , 0 , 1 , 0 , 28 , 7 , 4 , 10 , 10 , 13 , 12 , 2 , 5 , 9 , 5 , 17 , 9 , 5 , 8 , 0 , 25 , 18 , 14 , 29 , 13 , 9 , 22 , 0 , 0 , 10 , 22 , 30 , 0 , 18 , 19 , 20 , 25 , 7 , 6 , 20 , 8 , 23 , 26 , 19 , 30 , 
Bins: 9 , 9 , 9 , 7 , 9 , 9 , 9 , 7 , 9 , 7 , 9 , 9 , 7 , 7 , 7 , 7 , 9 , 9 , 9 , 7 , 7 , 7 , 7 , 9 , 1 , 7 , 7 , 0 , 1 , 0 , 7 , 1 , 
Cost: 418491
time: 39.481080
nImprovAfterGreedy: 60
nImprovAfterRandom: 60
nMigrate: 255202
nSwap: 182082
n: 200
m: 10
Seed: 8281
