Items: 12 , 5 , 4 , 6 , 3 , 0 , 14 , 6 , 4 , 15 , 4 , 0 , 11 , 12 , 3 , 12 , 8 , 11 , 12 , 13 , 15 , 5 , 12 , 16 , 16 , 2 , 13 , 5 , 5 , 4 , 10 , 13 , 8 , 5 , 1 , 6 , 1 , 15 , 9 , 9 , 13 , 11 , 1 , 13 , 11 , 7 , 4 , 15 , 9 , 8 , 6 , 15 , 3 , 7 , 15 , 2 , 2 , 5 , 16 , 2 , 2 , 2 , 11 , 1 , 7 , 9 , 9 , 5 , 9 , 11 , 9 , 13 , 12 , 2 , 1 , 3 , 7 , 3 , 1 , 13 , 5 , 10 , 6 , 4 , 7 , 3 , 8 , 3 , 14 , 4 , 4 , 4 , 10 , 0 , 6 , 5 , 6 , 0 , 4 , 14 , 
Bins: 2 , 9 , 7 , 9 , 9 , 9 , 9 , 7 , 2 , 9 , 1 , 7 , 9 , 7 , 0 , 7 , 0 , 
Cost: 114443
time: 8.967959
nImprovAfterGreedy: 26
nImprovAfterRandom: 26
nMigrate: 176090
nSwap: 148956
n: 100
m: 10
Seed: 9755
