Items: 14 , 0 , 0 , 2 , 17 , 30 , 27 , 3 , 2 , 19 , 21 , 20 , 28 , 10 , 7 , 10 , 23 , 29 , 10 , 7 , 26 , 19 , 26 , 23 , 12 , 19 , 7 , 16 , 19 , 4 , 13 , 0 , 23 , 19 , 15 , 2 , 15 , 11 , 30 , 6 , 24 , 20 , 15 , 7 , 18 , 3 , 0 , 16 , 30 , 8 , 29 , 25 , 16 , 28 , 25 , 2 , 4 , 19 , 21 , 25 , 13 , 4 , 6 , 15 , 10 , 2 , 5 , 26 , 5 , 29 , 29 , 7 , 16 , 2 , 15 , 9 , 3 , 21 , 15 , 7 , 9 , 25 , 2 , 21 , 17 , 20 , 17 , 20 , 13 , 25 , 13 , 8 , 30 , 6 , 27 , 19 , 1 , 12 , 0 , 18 , 5 , 9 , 0 , 4 , 23 , 16 , 28 , 6 , 2 , 24 , 13 , 29 , 11 , 23 , 1 , 17 , 29 , 14 , 11 , 11 , 12 , 14 , 22 , 24 , 3 , 18 , 6 , 20 , 22 , 6 , 25 , 18 , 16 , 14 , 24 , 12 , 8 , 3 , 21 , 4 , 3 , 28 , 19 , 4 , 22 , 9 , 16 , 1 , 10 , 0 , 0 , 6 , 30 , 26 , 22 , 22 , 19 , 20 , 25 , 14 , 24 , 5 , 2 , 19 , 23 , 18 , 26 , 5 , 8 , 8 , 9 , 9 , 13 , 1 , 14 , 26 , 13 , 12 , 10 , 29 , 17 , 14 , 11 , 11 , 21 , 12 , 27 , 3 , 13 , 28 , 8 , 27 , 24 , 7 , 1 , 21 , 22 , 3 , 20 , 20 , 
Bins: 9 , 9 , 9 , 9 , 8 , 9 , 9 , 9 , 8 , 8 , 9 , 9 , 8 , 9 , 9 , 9 , 9 , 8 , 8 , 9 , 8 , 9 , 8 , 8 , 8 , 8 , 8 , 9 , 8 , 8 , 9 , 
Cost: 374024
time: 31.464921
nImprovAfterGreedy: 46
nImprovAfterRandom: 46
nMigrate: 203098
nSwap: 120598
n: 200
m: 10
Seed: 67265
