Items: 6 , 0 , 2 , 1 , 8 , 11 , 4 , 7 , 2 , 5 , 2 , 9 , 0 , 5 , 8 , 6 , 5 , 10 , 0 , 10 , 2 , 7 , 0 , 3 , 0 , 3 , 6 , 6 , 3 , 2 , 4 , 5 , 5 , 3 , 0 , 5 , 8 , 2 , 4 , 1 , 10 , 10 , 8 , 8 , 6 , 3 , 2 , 7 , 11 , 12 , 7 , 1 , 4 , 0 , 2 , 5 , 5 , 11 , 1 , 12 , 4 , 6 , 4 , 8 , 5 , 1 , 9 , 7 , 9 , 10 , 9 , 8 , 6 , 1 , 4 , 6 , 7 , 8 , 8 , 2 , 6 , 12 , 1 , 12 , 1 , 9 , 10 , 4 , 3 , 2 , 3 , 12 , 11 , 11 , 3 , 3 , 11 , 9 , 2 , 3 , 
Bins: 19 , 19 , 19 , 19 , 19 , 19 , 19 , 11 , 19 , 11 , 11 , 8 , 1 , 
Cost: 100081
time: 8.138365
nImprovAfterGreedy: 21
nImprovAfterRandom: 21
nMigrate: 198889
nSwap: 150133
n: 100
m: 20
Seed: 93952
