Items: 6 , 8 , 6 , 11 , 13 , 10 , 7 , 14 , 7 , 12 , 3 , 5 , 9 , 0 , 1 , 6 , 13 , 9 , 0 , 0 , 1 , 12 , 8 , 4 , 3 , 4 , 6 , 12 , 4 , 6 , 6 , 8 , 4 , 4 , 2 , 2 , 13 , 1 , 6 , 6 , 13 , 9 , 13 , 13 , 9 , 7 , 5 , 12 , 10 , 7 , 9 , 1 , 8 , 11 , 1 , 2 , 12 , 10 , 3 , 0 , 6 , 10 , 6 , 3 , 11 , 8 , 0 , 14 , 8 , 9 , 0 , 10 , 12 , 11 , 11 , 14 , 2 , 8 , 13 , 1 , 14 , 1 , 2 , 3 , 11 , 8 , 12 , 8 , 4 , 1 , 5 , 7 , 10 , 2 , 5 , 4 , 2 , 5 , 3 , 4 , 
Bins: 44 , 46 , 46 , 43 , 46 , 8 , 49 , 8 , 49 , 36 , 32 , 32 , 43 , 46 , 3 , 
Cost: 113409
time: 7.567385
nImprovAfterGreedy: 25
nImprovAfterRandom: 25
nMigrate: 105529
nSwap: 115123
n: 100
m: 50
Seed: 42717
