Items: 26 , 25 , 1 , 0 , 20 , 12 , 9 , 18 , 0 , 0 , 1 , 23 , 7 , 9 , 5 , 1 , 20 , 17 , 16 , 23 , 11 , 0 , 11 , 15 , 12 , 23 , 10 , 7 , 0 , 1 , 13 , 12 , 17 , 23 , 29 , 2 , 20 , 5 , 3 , 19 , 30 , 25 , 23 , 5 , 25 , 0 , 0 , 11 , 12 , 3 , 26 , 8 , 27 , 2 , 5 , 0 , 7 , 24 , 15 , 26 , 13 , 20 , 13 , 14 , 9 , 21 , 9 , 4 , 3 , 18 , 9 , 21 , 7 , 0 , 8 , 1 , 18 , 13 , 20 , 5 , 1 , 28 , 0 , 28 , 19 , 21 , 28 , 23 , 10 , 28 , 3 , 3 , 5 , 29 , 6 , 0 , 2 , 12 , 28 , 22 , 9 , 2 , 30 , 7 , 23 , 7 , 8 , 13 , 0 , 6 , 3 , 2 , 21 , 4 , 3 , 14 , 4 , 26 , 29 , 4 , 21 , 3 , 24 , 1 , 22 , 8 , 13 , 28 , 24 , 4 , 19 , 27 , 11 , 6 , 30 , 11 , 28 , 18 , 15 , 22 , 24 , 30 , 3 , 2 , 25 , 1 , 11 , 6 , 16 , 18 , 12 , 13 , 4 , 4 , 0 , 29 , 0 , 12 , 26 , 12 , 30 , 27 , 12 , 0 , 3 , 28 , 2 , 17 , 19 , 27 , 10 , 21 , 14 , 17 , 26 , 19 , 12 , 8 , 16 , 2 , 27 , 20 , 25 , 25 , 25 , 25 , 22 , 18 , 17 , 17 , 26 , 19 , 30 , 10 , 25 , 18 , 29 , 7 , 8 , 23 , 
Bins: 49 , 48 , 46 , 49 , 46 , 32 , 8 , 44 , 32 , 41 , 0 , 32 , 49 , 37 , 8 , 3 , 0 , 37 , 41 , 44 , 46 , 32 , 21 , 44 , 3 , 46 , 37 , 35 , 48 , 32 , 32 , 
Cost: 418150
time: 31.578138
nImprovAfterGreedy: 37
nImprovAfterRandom: 37
nMigrate: 96855
nSwap: 119562
n: 200
m: 50
Seed: 28657
