Items: 12 , 2 , 7 , 10 , 1 , 5 , 7 , 2 , 9 , 4 , 13 , 1 , 14 , 3 , 4 , 7 , 11 , 14 , 3 , 4 , 2 , 4 , 2 , 11 , 8 , 7 , 4 , 12 , 1 , 13 , 6 , 4 , 11 , 2 , 8 , 10 , 8 , 13 , 5 , 0 , 8 , 0 , 7 , 4 , 0 , 9 , 11 , 4 , 5 , 9 , 10 , 7 , 6 , 0 , 7 , 10 , 12 , 5 , 8 , 6 , 6 , 12 , 6 , 8 , 13 , 10 , 9 , 9 , 9 , 14 , 3 , 4 , 12 , 10 , 6 , 2 , 14 , 2 , 8 , 4 , 2 , 2 , 10 , 13 , 0 , 1 , 13 , 2 , 11 , 13 , 9 , 9 , 5 , 5 , 1 , 12 , 10 , 1 , 13 , 0 , 
Bins: 46 , 32 , 49 , 0 , 49 , 32 , 46 , 36 , 49 , 44 , 46 , 21 , 37 , 41 , 8 , 
Cost: 113673
time: 7.800211
nImprovAfterGreedy: 31
nImprovAfterRandom: 31
nMigrate: 108587
nSwap: 124434
n: 100
m: 50
Seed: 10385
