Items: 5 , 6 , 7 , 9 , 5 , 4 , 19 , 4 , 16 , 20 , 19 , 15 , 0 , 14 , 7 , 14 , 1 , 0 , 14 , 7 , 6 , 13 , 6 , 1 , 11 , 13 , 7 , 8 , 13 , 16 , 14 , 7 , 14 , 8 , 21 , 2 , 24 , 12 , 4 , 17 , 20 , 3 , 8 , 7 , 3 , 10 , 5 , 18 , 4 , 13 , 19 , 8 , 18 , 17 , 2 , 16 , 8 , 10 , 19 , 24 , 8 , 8 , 9 , 19 , 1 , 9 , 15 , 1 , 21 , 0 , 21 , 7 , 2 , 9 , 12 , 5 , 10 , 6 , 5 , 7 , 6 , 24 , 9 , 19 , 17 , 15 , 20 , 6 , 1 , 16 , 16 , 3 , 10 , 2 , 18 , 22 , 24 , 11 , 0 , 23 , 19 , 24 , 7 , 8 , 1 , 18 , 8 , 22 , 4 , 8 , 16 , 22 , 9 , 2 , 9 , 20 , 4 , 22 , 3 , 12 , 11 , 22 , 21 , 0 , 10 , 18 , 2 , 15 , 21 , 15 , 2 , 17 , 2 , 22 , 20 , 11 , 3 , 10 , 12 , 23 , 10 , 5 , 13 , 24 , 16 , 9 , 2 , 16 , 14 , 17 , 5 , 2 , 4 , 17 , 9 , 21 , 16 , 17 , 16 , 22 , 20 , 6 , 1 , 1 , 4 , 18 , 12 , 18 , 3 , 0 , 13 , 13 , 15 , 15 , 5 , 6 , 16 , 11 , 14 , 16 , 17 , 22 , 12 , 12 , 12 , 22 , 5 , 10 , 16 , 10 , 3 , 13 , 16 , 7 , 4 , 0 , 21 , 4 , 15 , 15 , 
Bins: 19 , 19 , 19 , 19 , 19 , 19 , 19 , 19 , 19 , 19 , 19 , 15 , 19 , 19 , 19 , 19 , 19 , 19 , 19 , 19 , 19 , 19 , 19 , 0 , 15 , 
Cost: 365098
time: 30.988024
nImprovAfterGreedy: 45
nImprovAfterRandom: 45
nMigrate: 222988
nSwap: 138358
n: 200
m: 20
Seed: 30264
