Items: 0 , 30 , 4 , 2 , 32 , 20 , 7 , 16 , 12 , 27 , 1 , 28 , 15 , 29 , 18 , 29 , 22 , 8 , 29 , 8 , 24 , 0 , 30 , 21 , 19 , 16 , 26 , 0 , 0 , 4 , 7 , 4 , 27 , 24 , 24 , 9 , 32 , 23 , 7 , 19 , 33 , 22 , 24 , 31 , 25 , 8 , 6 , 31 , 19 , 14 , 10 , 23 , 5 , 9 , 4 , 3 , 3 , 8 , 1 , 6 , 7 , 3 , 14 , 27 , 7 , 17 , 28 , 11 , 17 , 15 , 28 , 26 , 29 , 2 , 23 , 20 , 15 , 30 , 32 , 4 , 11 , 18 , 2 , 1 , 1 , 5 , 1 , 30 , 22 , 18 , 13 , 14 , 12 , 4 , 10 , 0 , 9 , 22 , 1 , 21 , 28 , 9 , 4 , 3 , 27 , 5 , 23 , 19 , 12 , 24 , 13 , 10 , 2 , 6 , 2 , 10 , 16 , 10 , 22 , 16 , 5 , 13 , 8 , 6 , 0 , 21 , 7 , 31 , 8 , 26 , 23 , 16 , 5 , 17 , 33 , 5 , 14 , 12 , 25 , 21 , 8 , 13 , 2 , 9 , 25 , 11 , 29 , 9 , 20 , 16 , 22 , 24 , 26 , 26 , 8 , 32 , 0 , 30 , 18 , 20 , 33 , 16 , 12 , 22 , 13 , 1 , 31 , 17 , 14 , 6 , 12 , 17 , 10 , 9 , 0 , 11 , 17 , 19 , 27 , 18 , 18 , 10 , 25 , 25 , 25 , 16 , 20 , 0 , 17 , 17 , 22 , 11 , 33 , 26 , 18 , 15 , 32 , 3 , 23 , 24 , 
Bins: 18 , 19 , 18 , 15 , 15 , 15 , 15 , 18 , 19 , 19 , 19 , 15 , 18 , 4 , 16 , 15 , 19 , 19 , 18 , 18 , 15 , 16 , 19 , 15 , 18 , 15 , 15 , 15 , 16 , 18 , 4 , 4 , 15 , 16 , 
Cost: 391808
time: 33.917162
nImprovAfterGreedy: 70
nImprovAfterRandom: 70
nMigrate: 178344
nSwap: 119460
n: 200
m: 20
Seed: 66348
