Items: 0 , 21 , 1 , 3 , 0 , 15 , 12 , 5 , 9 , 11 , 18 , 23 , 10 , 13 , 4 , 13 , 8 , 1 , 13 , 8 , 17 , 17 , 0 , 11 , 8 , 11 , 4 , 10 , 11 , 9 , 13 , 8 , 13 , 11 , 14 , 22 , 3 , 18 , 15 , 23 , 2 , 20 , 3 , 4 , 20 , 5 , 18 , 4 , 15 , 4 , 17 , 21 , 22 , 21 , 10 , 22 , 3 , 5 , 7 , 20 , 1 , 3 , 15 , 2 , 18 , 9 , 9 , 16 , 1 , 2 , 23 , 4 , 6 , 16 , 21 , 7 , 5 , 16 , 3 , 9 , 16 , 12 , 11 , 18 , 24 , 19 , 24 , 21 , 4 , 11 , 1 , 1 , 15 , 14 , 23 , 11 , 12 , 23 , 18 , 20 , 6 , 12 , 8 , 3 , 11 , 22 , 21 , 6 , 7 , 1 , 1 , 9 , 24 , 7 , 7 , 24 , 17 , 17 , 10 , 22 , 6 , 17 , 14 , 1 , 10 , 20 , 3 , 12 , 14 , 7 , 0 , 19 , 0 , 10 , 2 , 20 , 10 , 5 , 18 , 6 , 5 , 12 , 3 , 3 , 22 , 7 , 0 , 23 , 13 , 21 , 8 , 0 , 15 , 17 , 8 , 14 , 5 , 21 , 5 , 17 , 18 , 19 , 8 , 11 , 1 , 22 , 19 , 2 , 19 , 19 , 4 , 19 , 24 , 9 , 0 , 16 , 9 , 8 , 13 , 11 , 19 , 17 , 22 , 5 , 18 , 6 , 0 , 5 , 9 , 9 , 0 , 16 , 5 , 4 , 17 , 18 , 14 , 5 , 21 , 11 , 
Bins: 49 , 49 , 27 , 49 , 49 , 49 , 36 , 45 , 49 , 49 , 36 , 49 , 36 , 49 , 36 , 36 , 27 , 49 , 49 , 49 , 14 , 49 , 45 , 36 , 36 , 
Cost: 388851
time: 30.646998
nImprovAfterGreedy: 52
nImprovAfterRandom: 52
nMigrate: 154648
nSwap: 133834
n: 200
m: 50
Seed: 47697
