Items: 6 , 6 , 7 , 11 , 9 , 2 , 0 , 11 , 11 , 4 , 7 , 1 , 8 , 3 , 3 , 0 , 4 , 8 , 3 , 3 , 6 , 12 , 6 , 4 , 10 , 12 , 3 , 12 , 12 , 7 , 0 , 4 , 4 , 12 , 10 , 11 , 10 , 7 , 0 , 5 , 3 , 5 , 11 , 3 , 5 , 11 , 1 , 12 , 2 , 8 , 11 , 9 , 0 , 5 , 2 , 11 , 12 , 2 , 10 , 9 , 0 , 9 , 0 , 10 , 4 , 11 , 7 , 6 , 8 , 8 , 1 , 3 , 12 , 11 , 0 , 6 , 1 , 6 , 10 , 7 , 6 , 9 , 11 , 7 , 5 , 8 , 2 , 6 , 12 , 7 , 7 , 7 , 2 , 10 , 1 , 12 , 9 , 1 , 7 , 5 , 
Bins: 49 , 27 , 14 , 49 , 25 , 36 , 49 , 49 , 25 , 14 , 49 , 49 , 49 , 
Cost: 99489
time: 7.828363
nImprovAfterGreedy: 29
nImprovAfterRandom: 29
nMigrate: 152072
nSwap: 136252
n: 100
m: 50
Seed: 11430
