Items: 0 , 15 , 1 , 24 , 26 , 5 , 17 , 24 , 24 , 12 , 1 , 5 , 14 , 11 , 8 , 6 , 9 , 4 , 11 , 9 , 2 , 3 , 15 , 9 , 15 , 3 , 6 , 20 , 3 , 1 , 6 , 6 , 12 , 22 , 2 , 2 , 3 , 1 , 0 , 24 , 7 , 23 , 3 , 26 , 23 , 14 , 1 , 27 , 19 , 18 , 28 , 7 , 6 , 20 , 2 , 0 , 22 , 14 , 16 , 28 , 22 , 19 , 24 , 16 , 22 , 24 , 27 , 12 , 27 , 10 , 11 , 9 , 21 , 22 , 18 , 8 , 5 , 8 , 3 , 1 , 8 , 8 , 24 , 1 , 16 , 6 , 26 , 8 , 9 , 1 , 1 , 4 , 14 , 2 , 17 , 12 , 28 , 15 , 1 , 13 , 16 , 28 , 6 , 22 , 12 , 24 , 20 , 21 , 24 , 2 , 1 , 10 , 6 , 5 , 14 , 26 , 5 , 22 , 25 , 5 , 15 , 22 , 18 , 7 , 13 , 17 , 24 , 8 , 2 , 6 , 16 , 26 , 20 , 22 , 23 , 23 , 21 , 14 , 3 , 13 , 14 , 25 , 3 , 14 , 0 , 7 , 20 , 23 , 11 , 8 , 9 , 2 , 19 , 24 , 9 , 25 , 0 , 8 , 0 , 22 , 22 , 27 , 9 , 12 , 1 , 17 , 4 , 27 , 4 , 28 , 14 , 19 , 17 , 10 , 0 , 4 , 20 , 15 , 11 , 11 , 26 , 3 , 0 , 0 , 11 , 17 , 13 , 0 , 8 , 20 , 0 , 4 , 2 , 9 , 23 , 10 , 25 , 0 , 18 , 6 , 
Bins: 19 , 19 , 19 , 19 , 14 , 14 , 19 , 2 , 19 , 19 , 1 , 17 , 14 , 7 , 19 , 18 , 14 , 17 , 2 , 7 , 17 , 0 , 19 , 14 , 19 , 7 , 14 , 13 , 14 , 
Cost: 418286
time: 38.927206
nImprovAfterGreedy: 34
nImprovAfterRandom: 34
nMigrate: 210949
nSwap: 189378
n: 200
m: 20
Seed: 94980
