Items: 2 , 0 , 2 , 3 , 6 , 4 , 7 , 7 , 3 , 4 , 1 , 9 , 12 , 2 , 0 , 2 , 11 , 12 , 2 , 3 , 7 , 5 , 0 , 11 , 8 , 5 , 2 , 5 , 5 , 1 , 2 , 0 , 11 , 5 , 6 , 3 , 6 , 1 , 4 , 8 , 11 , 8 , 6 , 4 , 8 , 7 , 1 , 4 , 4 , 9 , 7 , 12 , 6 , 8 , 10 , 3 , 5 , 4 , 8 , 10 , 2 , 3 , 3 , 6 , 7 , 3 , 9 , 7 , 9 , 12 , 9 , 4 , 5 , 3 , 6 , 2 , 7 , 0 , 6 , 1 , 0 , 0 , 3 , 1 , 8 , 0 , 11 , 0 , 5 , 1 , 1 , 1 , 4 , 10 , 9 , 5 , 10 , 1 , 1 , 5 , 
Bins: 19 , 19 , 19 , 19 , 19 , 19 , 19 , 19 , 19 , 11 , 2 , 8 , 5 , 
Cost: 100021
time: 8.064307
nImprovAfterGreedy: 32
nImprovAfterRandom: 32
nMigrate: 204480
nSwap: 148522
n: 100
m: 20
Seed: 9564
