Items: 10 , 12 , 1 , 6 , 8 , 9 , 3 , 9 , 2 , 4 , 11 , 7 , 12 , 0 , 8 , 1 , 4 , 0 , 0 , 0 , 12 , 11 , 12 , 3 , 5 , 1 , 1 , 10 , 1 , 11 , 6 , 4 , 4 , 3 , 14 , 10 , 8 , 11 , 2 , 5 , 0 , 15 , 15 , 1 , 15 , 2 , 4 , 1 , 2 , 7 , 9 , 15 , 8 , 5 , 4 , 10 , 15 , 3 , 5 , 13 , 15 , 10 , 6 , 14 , 6 , 11 , 7 , 3 , 7 , 9 , 7 , 4 , 10 , 6 , 6 , 12 , 9 , 8 , 8 , 11 , 10 , 13 , 2 , 9 , 5 , 8 , 0 , 12 , 3 , 11 , 2 , 2 , 2 , 14 , 7 , 3 , 13 , 13 , 11 , 15 , 
Bins: 9 , 7 , 9 , 9 , 7 , 9 , 7 , 7 , 9 , 7 , 9 , 9 , 7 , 2 , 1 , 7 , 
Cost: 115403
time: 9.175788
nImprovAfterGreedy: 15
nImprovAfterRandom: 15
nMigrate: 228358
nSwap: 160579
n: 100
m: 10
Seed: 29716
