Items: 0 , 31 , 24 , 11 , 23 , 8 , 30 , 1 , 30 , 17 , 14 , 26 , 28 , 19 , 6 , 15 , 25 , 16 , 19 , 30 , 20 , 33 , 10 , 16 , 6 , 33 , 12 , 33 , 33 , 10 , 29 , 17 , 26 , 31 , 2 , 13 , 23 , 20 , 0 , 18 , 35 , 21 , 1 , 12 , 21 , 8 , 25 , 12 , 18 , 4 , 1 , 20 , 24 , 8 , 17 , 7 , 7 , 8 , 4 , 25 , 24 , 7 , 9 , 2 , 14 , 11 , 30 , 22 , 4 , 28 , 19 , 8 , 21 , 11 , 9 , 23 , 28 , 6 , 23 , 11 , 22 , 16 , 11 , 14 , 22 , 10 , 29 , 6 , 17 , 10 , 32 , 27 , 18 , 2 , 3 , 33 , 1 , 31 , 29 , 5 , 10 , 1 , 17 , 7 , 26 , 3 , 9 , 24 , 11 , 5 , 32 , 19 , 11 , 1 , 18 , 21 , 1 , 34 , 15 , 13 , 31 , 34 , 15 , 35 , 18 , 3 , 14 , 21 , 2 , 24 , 17 , 4 , 10 , 34 , 35 , 31 , 27 , 18 , 33 , 5 , 8 , 32 , 4 , 13 , 15 , 23 , 16 , 13 , 14 , 6 , 25 , 2 , 9 , 13 , 25 , 15 , 0 , 6 , 0 , 34 , 35 , 27 , 17 , 33 , 32 , 3 , 20 , 3 , 27 , 25 , 16 , 29 , 29 , 26 , 0 , 22 , 30 , 31 , 14 , 21 , 27 , 20 , 13 , 0 , 14 , 34 , 5 , 0 , 16 , 34 , 16 , 22 , 26 , 12 , 0 , 28 , 15 , 7 , 9 , 5 , 
Bins: 9 , 8 , 8 , 8 , 8 , 8 , 9 , 8 , 8 , 8 , 8 , 9 , 8 , 8 , 9 , 8 , 9 , 8 , 9 , 8 , 8 , 8 , 8 , 8 , 9 , 8 , 8 , 8 , 8 , 8 , 7 , 8 , 3 , 8 , 8 , 8 , 
Cost: 393482
time: 31.715375
nImprovAfterGreedy: 54
nImprovAfterRandom: 54
nMigrate: 177006
nSwap: 104568
n: 200
m: 10
Seed: 57787
