Items: 4 , 2 , 12 , 10 , 3 , 8 , 7 , 8 , 10 , 2 , 12 , 9 , 14 , 13 , 3 , 13 , 3 , 14 , 13 , 4 , 2 , 2 , 2 , 11 , 2 , 10 , 4 , 10 , 11 , 12 , 0 , 2 , 1 , 10 , 13 , 10 , 3 , 12 , 0 , 5 , 4 , 14 , 3 , 4 , 14 , 8 , 10 , 2 , 5 , 1 , 14 , 6 , 0 , 8 , 6 , 10 , 10 , 8 , 1 , 6 , 12 , 10 , 4 , 1 , 7 , 5 , 1 , 11 , 0 , 14 , 9 , 8 , 13 , 10 , 0 , 3 , 8 , 3 , 3 , 6 , 3 , 6 , 10 , 12 , 5 , 11 , 12 , 2 , 11 , 12 , 12 , 12 , 7 , 13 , 9 , 11 , 7 , 9 , 12 , 9 , 
Bins: 13 , 14 , 19 , 19 , 14 , 4 , 2 , 7 , 18 , 14 , 19 , 7 , 19 , 17 , 14 , 
Cost: 113909
time: 8.658386
nImprovAfterGreedy: 19
nImprovAfterRandom: 19
nMigrate: 169084
nSwap: 148184
n: 100
m: 20
Seed: 90516
