Items: 10 , 2 , 2 , 7 , 4 , 6 , 1 , 7 , 7 , 8 , 2 , 12 , 6 , 10 , 4 , 10 , 3 , 9 , 10 , 9 , 5 , 8 , 10 , 3 , 0 , 8 , 10 , 10 , 8 , 11 , 1 , 2 , 3 , 8 , 9 , 7 , 4 , 5 , 1 , 0 , 9 , 6 , 8 , 4 , 6 , 7 , 2 , 8 , 6 , 3 , 7 , 5 , 1 , 0 , 11 , 3 , 8 , 8 , 0 , 11 , 1 , 3 , 1 , 0 , 2 , 7 , 9 , 5 , 9 , 9 , 12 , 4 , 10 , 7 , 1 , 2 , 12 , 4 , 4 , 11 , 5 , 11 , 7 , 2 , 0 , 4 , 11 , 1 , 8 , 11 , 2 , 2 , 6 , 9 , 12 , 8 , 7 , 12 , 2 , 4 , 
Bins: 19 , 19 , 19 , 8 , 19 , 11 , 8 , 19 , 19 , 19 , 19 , 11 , 11 , 
Cost: 99831
time: 7.201775
nImprovAfterGreedy: 23
nImprovAfterRandom: 23
nMigrate: 167809
nSwap: 119451
n: 100
m: 20
Seed: 95620
