Items: 0 , 30 , 30 , 18 , 2 , 3 , 13 , 10 , 12 , 8 , 30 , 26 , 28 , 25 , 27 , 33 , 14 , 18 , 23 , 32 , 4 , 5 , 1 , 35 , 11 , 0 , 29 , 28 , 1 , 12 , 26 , 14 , 14 , 5 , 5 , 17 , 2 , 4 , 6 , 18 , 34 , 24 , 5 , 32 , 24 , 3 , 14 , 16 , 21 , 30 , 15 , 4 , 13 , 3 , 17 , 8 , 5 , 3 , 30 , 15 , 13 , 10 , 24 , 19 , 13 , 12 , 12 , 7 , 6 , 10 , 25 , 3 , 27 , 18 , 26 , 2 , 19 , 27 , 2 , 12 , 0 , 31 , 18 , 13 , 18 , 1 , 22 , 27 , 24 , 27 , 33 , 30 , 24 , 9 , 29 , 21 , 17 , 11 , 20 , 16 , 12 , 25 , 9 , 7 , 31 , 28 , 28 , 19 , 6 , 33 , 31 , 15 , 13 , 15 , 16 , 22 , 10 , 5 , 32 , 17 , 11 , 5 , 8 , 33 , 7 , 16 , 18 , 22 , 8 , 29 , 9 , 20 , 28 , 21 , 34 , 11 , 32 , 24 , 8 , 7 , 3 , 22 , 35 , 17 , 0 , 2 , 28 , 0 , 23 , 20 , 14 , 17 , 29 , 29 , 14 , 33 , 6 , 31 , 8 , 5 , 34 , 35 , 13 , 21 , 10 , 1 , 4 , 34 , 9 , 15 , 27 , 21 , 21 , 25 , 0 , 1 , 31 , 11 , 23 , 27 , 20 , 4 , 0 , 6 , 6 , 11 , 10 , 6 , 31 , 34 , 9 , 1 , 8 , 22 , 9 , 25 , 32 , 29 , 26 , 26 , 
Bins: 8 , 8 , 8 , 8 , 8 , 9 , 6 , 8 , 8 , 8 , 8 , 8 , 8 , 9 , 8 , 8 , 8 , 8 , 9 , 3 , 3 , 8 , 8 , 1 , 8 , 8 , 8 , 9 , 8 , 8 , 8 , 3 , 8 , 8 , 8 , 2 , 
Cost: 469022
time: 42.171042
nImprovAfterGreedy: 59
nImprovAfterRandom: 59
nMigrate: 271267
nSwap: 175737
n: 200
m: 10
Seed: 40650
