Items: 0 , 11 , 0 , 7 , 15 , 1 , 13 , 7 , 2 , 6 , 2 , 17 , 17 , 0 , 3 , 0 , 6 , 2 , 5 , 5 , 11 , 8 , 11 , 14 , 2 , 4 , 0 , 8 , 4 , 2 , 10 , 6 , 6 , 4 , 12 , 4 , 3 , 8 , 16 , 0 , 5 , 9 , 3 , 15 , 9 , 1 , 6 , 14 , 1 , 16 , 5 , 8 , 10 , 9 , 8 , 4 , 13 , 1 , 2 , 7 , 13 , 4 , 10 , 12 , 13 , 7 , 17 , 11 , 16 , 12 , 7 , 1 , 14 , 4 , 10 , 15 , 9 , 3 , 15 , 2 , 11 , 10 , 7 , 13 , 8 , 3 , 6 , 3 , 14 , 3 , 16 , 16 , 1 , 12 , 13 , 14 , 7 , 12 , 2 , 9 , 
Bins: 18 , 15 , 19 , 18 , 15 , 15 , 15 , 16 , 15 , 15 , 15 , 15 , 15 , 18 , 15 , 4 , 4 , 2 , 
Cost: 114582
time: 8.200036
nImprovAfterGreedy: 38
nImprovAfterRandom: 38
nMigrate: 136975
nSwap: 103920
n: 100
m: 20
Seed: 49956
