Items: 8 , 10 , 1 , 2 , 13 , 3 , 12 , 2 , 7 , 14 , 1 , 0 , 13 , 15 , 14 , 8 , 13 , 6 , 8 , 14 , 10 , 16 , 10 , 13 , 9 , 8 , 4 , 16 , 13 , 6 , 8 , 4 , 4 , 3 , 9 , 7 , 5 , 6 , 6 , 7 , 5 , 5 , 5 , 14 , 11 , 7 , 15 , 16 , 3 , 4 , 11 , 5 , 12 , 7 , 6 , 7 , 0 , 3 , 1 , 2 , 0 , 15 , 4 , 9 , 15 , 2 , 0 , 12 , 8 , 11 , 2 , 14 , 16 , 15 , 8 , 7 , 16 , 10 , 9 , 14 , 10 , 14 , 2 , 1 , 11 , 13 , 6 , 10 , 5 , 6 , 1 , 1 , 3 , 9 , 15 , 3 , 2 , 15 , 6 , 11 , 
Bins: 10 , 24 , 19 , 26 , 19 , 27 , 48 , 48 , 49 , 27 , 44 , 27 , 12 , 19 , 44 , 44 , 27 , 
Cost: 113186
time: 8.612200
nImprovAfterGreedy: 33
nImprovAfterRandom: 33
nMigrate: 129470
nSwap: 116955
n: 100
m: 50
Seed: 89333
