Items: 0 , 3 , 11 , 8 , 7 , 4 , 6 , 3 , 11 , 8 , 11 , 1 , 1 , 2 , 7 , 5 , 7 , 10 , 2 , 8 , 11 , 9 , 1 , 5 , 13 , 5 , 0 , 1 , 5 , 11 , 9 , 7 , 8 , 5 , 10 , 8 , 7 , 11 , 4 , 12 , 0 , 0 , 7 , 0 , 10 , 3 , 11 , 0 , 4 , 3 , 6 , 12 , 9 , 12 , 11 , 8 , 8 , 4 , 13 , 9 , 9 , 8 , 9 , 13 , 4 , 12 , 4 , 3 , 10 , 10 , 2 , 7 , 0 , 8 , 9 , 1 , 3 , 7 , 7 , 11 , 3 , 6 , 8 , 6 , 12 , 1 , 4 , 1 , 5 , 11 , 5 , 3 , 4 , 10 , 5 , 5 , 6 , 6 , 11 , 5 , 
Bins: 46 , 46 , 0 , 48 , 46 , 49 , 46 , 49 , 49 , 46 , 37 , 49 , 32 , 8 , 
Cost: 113769
time: 7.983150
nImprovAfterGreedy: 23
nImprovAfterRandom: 23
nMigrate: 117849
nSwap: 132635
n: 100
m: 50
Seed: 32990
