Items: 2 , 0 , 13 , 1 , 7 , 25 , 24 , 22 , 20 , 8 , 11 , 29 , 10 , 5 , 22 , 6 , 8 , 1 , 28 , 15 , 16 , 22 , 0 , 15 , 9 , 6 , 8 , 11 , 14 , 20 , 33 , 8 , 8 , 24 , 19 , 10 , 7 , 16 , 2 , 13 , 31 , 14 , 20 , 32 , 14 , 25 , 4 , 32 , 25 , 34 , 12 , 16 , 23 , 0 , 16 , 10 , 10 , 25 , 9 , 15 , 24 , 10 , 3 , 18 , 5 , 1 , 29 , 17 , 34 , 18 , 26 , 25 , 24 , 1 , 3 , 11 , 5 , 9 , 7 , 20 , 11 , 26 , 1 , 13 , 9 , 18 , 33 , 0 , 17 , 20 , 33 , 30 , 25 , 19 , 21 , 17 , 29 , 4 , 20 , 21 , 18 , 14 , 8 , 7 , 29 , 23 , 3 , 13 , 22 , 24 , 26 , 12 , 1 , 12 , 13 , 33 , 12 , 27 , 6 , 23 , 4 , 27 , 26 , 31 , 20 , 15 , 13 , 14 , 26 , 23 , 9 , 34 , 18 , 27 , 31 , 4 , 30 , 22 , 17 , 7 , 22 , 32 , 20 , 10 , 6 , 11 , 19 , 21 , 28 , 0 , 4 , 19 , 3 , 21 , 15 , 6 , 2 , 34 , 2 , 34 , 31 , 30 , 17 , 17 , 32 , 15 , 1 , 27 , 30 , 12 , 22 , 11 , 33 , 29 , 2 , 9 , 26 , 4 , 28 , 14 , 30 , 16 , 23 , 2 , 5 , 27 , 21 , 2 , 26 , 27 , 19 , 14 , 24 , 22 , 2 , 5 , 6 , 8 , 3 , 21 , 
Bins: 8 , 9 , 9 , 8 , 8 , 9 , 8 , 8 , 8 , 8 , 8 , 8 , 8 , 9 , 8 , 8 , 8 , 8 , 8 , 8 , 9 , 8 , 9 , 8 , 9 , 8 , 8 , 8 , 1 , 8 , 8 , 8 , 3 , 8 , 3 , 
Cost: 419443
time: 35.440601
nImprovAfterGreedy: 60
nImprovAfterRandom: 60
nMigrate: 206067
nSwap: 128106
n: 200
m: 10
Seed: 5879
