Items: 5 , 4 , 7 , 8 , 1 , 11 , 7 , 8 , 8 , 0 , 5 , 13 , 6 , 11 , 1 , 7 , 0 , 6 , 15 , 11 , 3 , 2 , 15 , 2 , 4 , 9 , 14 , 5 , 2 , 7 , 14 , 0 , 13 , 9 , 10 , 8 , 1 , 3 , 11 , 10 , 0 , 6 , 1 , 1 , 6 , 8 , 5 , 2 , 11 , 13 , 6 , 3 , 14 , 4 , 3 , 9 , 9 , 11 , 5 , 14 , 14 , 9 , 14 , 10 , 7 , 8 , 13 , 9 , 13 , 6 , 12 , 0 , 2 , 9 , 4 , 5 , 7 , 1 , 1 , 3 , 5 , 3 , 8 , 5 , 10 , 13 , 0 , 4 , 2 , 3 , 8 , 8 , 11 , 10 , 7 , 2 , 12 , 12 , 4 , 12 , 
Bins: 7 , 9 , 9 , 7 , 9 , 9 , 7 , 9 , 9 , 7 , 9 , 9 , 2 , 7 , 7 , 0 , 
Cost: 114740
time: 8.944581
nImprovAfterGreedy: 31
nImprovAfterRandom: 31
nMigrate: 213285
nSwap: 155056
n: 100
m: 10
Seed: 29330
