Items: 0 , 3 , 2 , 5 , 1 , 6 , 9 , 3 , 5 , 4 , 2 , 9 , 12 , 0 , 1 , 0 , 8 , 12 , 0 , 0 , 3 , 4 , 3 , 10 , 7 , 5 , 0 , 4 , 5 , 2 , 11 , 8 , 8 , 3 , 10 , 5 , 1 , 2 , 6 , 7 , 10 , 7 , 3 , 1 , 7 , 6 , 8 , 4 , 6 , 8 , 0 , 4 , 11 , 7 , 8 , 5 , 4 , 6 , 7 , 11 , 11 , 5 , 11 , 10 , 8 , 5 , 10 , 3 , 6 , 12 , 0 , 1 , 4 , 5 , 11 , 3 , 12 , 1 , 1 , 2 , 3 , 2 , 5 , 2 , 7 , 1 , 2 , 3 , 4 , 2 , 6 , 6 , 6 , 10 , 9 , 4 , 9 , 9 , 2 , 1 , 
Bins: 49 , 49 , 49 , 49 , 49 , 49 , 49 , 49 , 38 , 46 , 46 , 46 , 9 , 
Cost: 96808
time: 7.422889
nImprovAfterGreedy: 27
nImprovAfterRandom: 27
nMigrate: 125149
nSwap: 125777
n: 100
m: 50
Seed: 89602
