Items: 11 , 12 , 7 , 1 , 2 , 4 , 8 , 9 , 7 , 0 , 7 , 10 , 9 , 11 , 2 , 11 , 6 , 3 , 11 , 1 , 9 , 0 , 9 , 6 , 5 , 1 , 11 , 0 , 1 , 7 , 8 , 2 , 6 , 1 , 13 , 1 , 2 , 7 , 8 , 5 , 6 , 3 , 2 , 8 , 3 , 9 , 6 , 0 , 4 , 3 , 10 , 0 , 8 , 5 , 12 , 1 , 1 , 4 , 5 , 12 , 8 , 1 , 8 , 13 , 4 , 13 , 7 , 0 , 3 , 3 , 10 , 2 , 0 , 1 , 8 , 5 , 9 , 2 , 2 , 7 , 11 , 12 , 1 , 7 , 5 , 2 , 6 , 2 , 0 , 12 , 7 , 7 , 4 , 13 , 10 , 0 , 12 , 10 , 7 , 5 , 
Bins: 19 , 19 , 19 , 14 , 7 , 19 , 16 , 19 , 19 , 14 , 14 , 13 , 14 , 7 , 
Cost: 114180
time: 8.739403
nImprovAfterGreedy: 27
nImprovAfterRandom: 27
nMigrate: 205814
nSwap: 160924
n: 100
m: 20
Seed: 87284
