Items: 19 , 1 , 2 , 0 , 19 , 14 , 15 , 15 , 0 , 7 , 2 , 9 , 24 , 11 , 4 , 11 , 7 , 16 , 11 , 4 , 8 , 13 , 8 , 11 , 18 , 11 , 4 , 19 , 9 , 2 , 10 , 4 , 11 , 9 , 19 , 5 , 22 , 6 , 2 , 18 , 17 , 16 , 15 , 4 , 6 , 23 , 0 , 7 , 18 , 13 , 15 , 1 , 20 , 1 , 3 , 5 , 7 , 14 , 18 , 20 , 2 , 5 , 0 , 18 , 7 , 0 , 14 , 22 , 13 , 24 , 18 , 4 , 3 , 0 , 1 , 19 , 22 , 22 , 19 , 4 , 19 , 13 , 0 , 21 , 8 , 9 , 10 , 1 , 7 , 2 , 2 , 2 , 14 , 3 , 23 , 7 , 5 , 21 , 10 , 23 , 18 , 14 , 17 , 22 , 9 , 0 , 1 , 22 , 14 , 9 , 2 , 15 , 0 , 3 , 5 , 10 , 15 , 15 , 16 , 6 , 21 , 16 , 12 , 13 , 23 , 20 , 3 , 9 , 12 , 3 , 12 , 20 , 3 , 23 , 17 , 21 , 16 , 14 , 6 , 23 , 14 , 17 , 13 , 5 , 12 , 19 , 3 , 5 , 11 , 1 , 4 , 3 , 22 , 13 , 0 , 12 , 9 , 1 , 2 , 14 , 17 , 20 , 7 , 7 , 2 , 10 , 6 , 0 , 16 , 20 , 14 , 21 , 10 , 9 , 19 , 8 , 16 , 21 , 11 , 2 , 20 , 15 , 6 , 6 , 6 , 15 , 23 , 3 , 16 , 16 , 16 , 8 , 17 , 4 , 13 , 24 , 12 , 2 , 1 , 9 , 
Bins: 49 , 49 , 49 , 49 , 49 , 46 , 49 , 49 , 37 , 49 , 48 , 49 , 37 , 46 , 49 , 49 , 49 , 34 , 49 , 49 , 49 , 38 , 49 , 49 , 3 , 
Cost: 382232
time: 30.839891
nImprovAfterGreedy: 57
nImprovAfterRandom: 57
nMigrate: 146751
nSwap: 137258
n: 200
m: 50
Seed: 173
