Items: 0 , 22 , 5 , 2 , 0 , 12 , 18 , 5 , 6 , 10 , 22 , 18 , 20 , 7 , 10 , 16 , 13 , 20 , 16 , 11 , 12 , 23 , 0 , 11 , 22 , 24 , 10 , 14 , 11 , 6 , 23 , 10 , 24 , 15 , 1 , 2 , 3 , 14 , 23 , 1 , 12 , 8 , 2 , 0 , 8 , 11 , 6 , 23 , 7 , 24 , 21 , 14 , 7 , 22 , 10 , 6 , 15 , 11 , 22 , 19 , 15 , 15 , 23 , 1 , 16 , 7 , 5 , 13 , 24 , 20 , 1 , 10 , 15 , 16 , 14 , 9 , 16 , 17 , 0 , 10 , 17 , 6 , 21 , 22 , 17 , 11 , 12 , 9 , 10 , 6 , 6 , 4 , 0 , 2 , 18 , 11 , 2 , 9 , 22 , 18 , 4 , 19 , 10 , 15 , 24 , 7 , 14 , 14 , 5 , 15 , 6 , 21 , 2 , 19 , 5 , 8 , 21 , 21 , 4 , 21 , 11 , 19 , 1 , 20 , 11 , 18 , 2 , 7 , 1 , 9 , 14 , 21 , 6 , 19 , 12 , 8 , 4 , 5 , 3 , 3 , 5 , 23 , 24 , 2 , 13 , 22 , 0 , 6 , 16 , 5 , 9 , 2 , 15 , 2 , 13 , 3 , 11 , 9 , 6 , 9 , 12 , 20 , 16 , 11 , 5 , 18 , 2 , 7 , 4 , 20 , 9 , 9 , 18 , 7 , 0 , 17 , 6 , 14 , 16 , 15 , 0 , 21 , 13 , 13 , 16 , 17 , 23 , 9 , 6 , 19 , 4 , 17 , 3 , 10 , 13 , 20 , 1 , 5 , 14 , 23 , 
Bins: 19 , 19 , 19 , 11 , 11 , 19 , 19 , 19 , 2 , 19 , 19 , 19 , 8 , 8 , 19 , 19 , 19 , 11 , 19 , 11 , 19 , 19 , 19 , 19 , 11 , 
Cost: 389566
time: 35.679967
nImprovAfterGreedy: 51
nImprovAfterRandom: 51
nMigrate: 236259
nSwap: 177979
n: 200
m: 20
Seed: 108
