Items: 17 , 17 , 13 , 5 , 11 , 1 , 16 , 7 , 4 , 10 , 4 , 3 , 7 , 8 , 8 , 13 , 12 , 4 , 8 , 6 , 7 , 5 , 7 , 14 , 10 , 2 , 17 , 5 , 5 , 4 , 0 , 10 , 10 , 5 , 9 , 2 , 11 , 12 , 0 , 3 , 17 , 11 , 12 , 2 , 11 , 7 , 4 , 1 , 1 , 10 , 15 , 12 , 0 , 17 , 12 , 2 , 2 , 1 , 10 , 6 , 0 , 2 , 0 , 3 , 16 , 9 , 9 , 13 , 9 , 15 , 15 , 1 , 13 , 5 , 15 , 7 , 14 , 8 , 11 , 4 , 13 , 6 , 5 , 4 , 14 , 8 , 6 , 8 , 12 , 6 , 11 , 11 , 16 , 9 , 15 , 5 , 6 , 1 , 4 , 14 , 
Bins: 8 , 8 , 8 , 3 , 9 , 9 , 8 , 8 , 9 , 8 , 8 , 8 , 8 , 8 , 8 , 8 , 2 , 8 , 
Cost: 115236
time: 9.285063
nImprovAfterGreedy: 30
nImprovAfterRandom: 30
nMigrate: 183117
nSwap: 132266
n: 100
m: 10
Seed: 45922
