Items: 17 , 10 , 9 , 30 , 28 , 31 , 32 , 25 , 30 , 29 , 3 , 0 , 4 , 11 , 10 , 11 , 5 , 30 , 11 , 34 , 12 , 10 , 26 , 29 , 19 , 0 , 13 , 21 , 26 , 2 , 9 , 13 , 13 , 0 , 19 , 15 , 28 , 12 , 9 , 9 , 18 , 18 , 32 , 28 , 18 , 25 , 5 , 31 , 11 , 23 , 1 , 4 , 21 , 31 , 2 , 15 , 32 , 31 , 23 , 5 , 9 , 14 , 4 , 33 , 3 , 30 , 6 , 24 , 23 , 15 , 6 , 31 , 21 , 30 , 4 , 7 , 25 , 10 , 28 , 2 , 24 , 22 , 30 , 3 , 26 , 30 , 24 , 10 , 29 , 2 , 8 , 27 , 8 , 2 , 25 , 29 , 32 , 7 , 3 , 34 , 1 , 19 , 17 , 32 , 33 , 21 , 4 , 21 , 12 , 0 , 22 , 16 , 30 , 15 , 8 , 24 , 15 , 20 , 16 , 12 , 1 , 20 , 22 , 18 , 8 , 34 , 3 , 6 , 2 , 7 , 14 , 23 , 22 , 20 , 18 , 22 , 27 , 8 , 13 , 34 , 25 , 28 , 23 , 14 , 16 , 19 , 8 , 15 , 17 , 10 , 5 , 2 , 0 , 20 , 5 , 16 , 8 , 7 , 17 , 20 , 33 , 27 , 29 , 29 , 14 , 34 , 12 , 14 , 27 , 5 , 10 , 7 , 6 , 6 , 17 , 26 , 22 , 19 , 11 , 17 , 27 , 1 , 24 , 25 , 3 , 1 , 14 , 7 , 22 , 20 , 17 , 26 , 33 , 13 , 17 , 3 , 16 , 13 , 4 , 9 , 
Bins: 6 , 6 , 6 , 9 , 6 , 6 , 6 , 6 , 9 , 9 , 9 , 6 , 6 , 6 , 6 , 6 , 6 , 9 , 6 , 6 , 6 , 6 , 6 , 6 , 6 , 6 , 6 , 6 , 6 , 6 , 9 , 6 , 6 , 3 , 6 , 
Cost: 417845
time: 35.591985
nImprovAfterGreedy: 45
nImprovAfterRandom: 45
nMigrate: 219975
nSwap: 134021
n: 200
m: 10
Seed: 31150
