Items: 22 , 15 , 20 , 23 , 33 , 3 , 18 , 18 , 23 , 27 , 12 , 4 , 1 , 5 , 14 , 25 , 10 , 14 , 18 , 32 , 7 , 9 , 2 , 10 , 15 , 25 , 16 , 1 , 2 , 10 , 33 , 20 , 8 , 30 , 11 , 13 , 9 , 7 , 34 , 21 , 19 , 16 , 9 , 32 , 16 , 3 , 28 , 16 , 21 , 8 , 24 , 7 , 33 , 3 , 0 , 13 , 13 , 3 , 24 , 28 , 21 , 13 , 34 , 32 , 12 , 23 , 5 , 6 , 9 , 24 , 15 , 3 , 8 , 23 , 33 , 33 , 29 , 14 , 9 , 14 , 11 , 31 , 23 , 12 , 2 , 4 , 17 , 27 , 10 , 31 , 10 , 26 , 22 , 11 , 18 , 30 , 13 , 30 , 20 , 30 , 4 , 34 , 20 , 31 , 27 , 1 , 1 , 21 , 23 , 21 , 14 , 19 , 23 , 24 , 22 , 17 , 9 , 0 , 25 , 7 , 15 , 0 , 10 , 28 , 22 , 31 , 12 , 17 , 10 , 24 , 28 , 20 , 1 , 0 , 19 , 16 , 26 , 22 , 6 , 6 , 3 , 17 , 8 , 13 , 25 , 34 , 1 , 34 , 12 , 20 , 5 , 11 , 29 , 18 , 28 , 25 , 22 , 27 , 34 , 14 , 19 , 26 , 27 , 30 , 32 , 31 , 7 , 0 , 26 , 28 , 14 , 30 , 10 , 5 , 22 , 2 , 4 , 15 , 12 , 11 , 26 , 9 , 6 , 6 , 12 , 18 , 18 , 5 , 10 , 0 , 16 , 2 , 21 , 17 , 9 , 29 , 25 , 18 , 4 , 4 , 
Bins: 15 , 15 , 15 , 15 , 15 , 12 , 16 , 15 , 15 , 19 , 19 , 4 , 18 , 15 , 18 , 15 , 15 , 15 , 19 , 15 , 15 , 18 , 18 , 18 , 15 , 15 , 15 , 4 , 15 , 4 , 15 , 15 , 4 , 15 , 15 , 
Cost: 420228
time: 35.955609
nImprovAfterGreedy: 64
nImprovAfterRandom: 64
nMigrate: 186790
nSwap: 127966
n: 200
m: 20
Seed: 92262
