Items: 11 , 12 , 27 , 14 , 19 , 22 , 5 , 24 , 28 , 1 , 27 , 20 , 26 , 23 , 17 , 2 , 29 , 31 , 2 , 17 , 4 , 14 , 12 , 29 , 12 , 2 , 17 , 1 , 14 , 27 , 9 , 17 , 4 , 16 , 16 , 23 , 19 , 4 , 11 , 0 , 7 , 18 , 19 , 21 , 18 , 24 , 29 , 21 , 22 , 20 , 6 , 26 , 25 , 3 , 29 , 23 , 1 , 16 , 27 , 13 , 13 , 10 , 26 , 5 , 1 , 6 , 28 , 25 , 15 , 6 , 15 , 17 , 1 , 1 , 26 , 19 , 24 , 3 , 19 , 27 , 16 , 8 , 14 , 8 , 0 , 30 , 7 , 3 , 28 , 31 , 11 , 31 , 22 , 16 , 11 , 14 , 14 , 12 , 27 , 9 , 5 , 19 , 13 , 10 , 2 , 22 , 26 , 4 , 0 , 13 , 8 , 6 , 25 , 23 , 10 , 7 , 23 , 14 , 21 , 23 , 12 , 14 , 16 , 13 , 9 , 29 , 0 , 8 , 16 , 0 , 13 , 30 , 22 , 18 , 7 , 18 , 31 , 24 , 5 , 10 , 24 , 8 , 20 , 10 , 29 , 21 , 22 , 18 , 2 , 3 , 17 , 16 , 25 , 5 , 29 , 15 , 11 , 3 , 11 , 19 , 7 , 30 , 1 , 31 , 15 , 23 , 23 , 28 , 31 , 30 , 0 , 27 , 27 , 28 , 11 , 31 , 18 , 12 , 24 , 6 , 30 , 19 , 25 , 11 , 5 , 3 , 9 , 24 , 28 , 28 , 31 , 20 , 13 , 17 , 28 , 6 , 4 , 24 , 26 , 9 , 
Bins: 47 , 44 , 38 , 44 , 44 , 48 , 48 , 46 , 44 , 38 , 48 , 47 , 48 , 48 , 46 , 38 , 48 , 48 , 38 , 48 , 38 , 32 , 46 , 48 , 48 , 44 , 38 , 49 , 48 , 46 , 42 , 48 , 
Cost: 388875
time: 28.617374
nImprovAfterGreedy: 60
nImprovAfterRandom: 60
nMigrate: 117483
nSwap: 91293
n: 200
m: 50
Seed: 56977
