Items: 0 , 17 , 17 , 5 , 10 , 4 , 20 , 23 , 13 , 8 , 12 , 20 , 12 , 11 , 14 , 11 , 21 , 7 , 11 , 7 , 19 , 13 , 19 , 8 , 21 , 13 , 1 , 12 , 13 , 17 , 0 , 17 , 11 , 22 , 3 , 9 , 8 , 15 , 0 , 16 , 8 , 18 , 13 , 14 , 18 , 23 , 17 , 19 , 4 , 2 , 24 , 15 , 19 , 6 , 10 , 13 , 22 , 8 , 5 , 5 , 22 , 22 , 13 , 3 , 6 , 16 , 4 , 19 , 24 , 14 , 16 , 6 , 22 , 6 , 0 , 3 , 23 , 14 , 3 , 14 , 3 , 14 , 5 , 12 , 6 , 10 , 0 , 1 , 13 , 10 , 13 , 2 , 4 , 3 , 20 , 8 , 5 , 21 , 17 , 20 , 15 , 1 , 17 , 22 , 1 , 12 , 12 , 19 , 4 , 22 , 7 , 16 , 8 , 10 , 4 , 11 , 9 , 6 , 18 , 9 , 24 , 6 , 7 , 17 , 15 , 20 , 10 , 14 , 7 , 10 , 0 , 5 , 10 , 6 , 16 , 21 , 7 , 23 , 8 , 15 , 23 , 12 , 17 , 9 , 18 , 3 , 10 , 9 , 11 , 17 , 21 , 10 , 22 , 9 , 21 , 18 , 13 , 1 , 13 , 6 , 16 , 1 , 5 , 13 , 12 , 20 , 9 , 16 , 2 , 12 , 1 , 24 , 20 , 9 , 13 , 2 , 7 , 21 , 11 , 22 , 10 , 24 , 23 , 23 , 23 , 15 , 0 , 23 , 7 , 7 , 18 , 2 , 8 , 1 , 9 , 1 , 18 , 23 , 0 , 0 , 
Bins: 49 , 49 , 14 , 45 , 25 , 36 , 49 , 49 , 49 , 49 , 49 , 49 , 49 , 49 , 36 , 27 , 36 , 49 , 36 , 36 , 49 , 36 , 49 , 49 , 27 , 
Cost: 389337
time: 31.658111
nImprovAfterGreedy: 54
nImprovAfterRandom: 54
nMigrate: 155159
nSwap: 145114
n: 200
m: 50
Seed: 68307
