Items: 7 , 3 , 6 , 0 , 16 , 10 , 5 , 0 , 0 , 2 , 5 , 13 , 16 , 17 , 1 , 7 , 2 , 0 , 17 , 17 , 8 , 3 , 8 , 3 , 9 , 4 , 7 , 3 , 3 , 6 , 15 , 2 , 2 , 3 , 9 , 4 , 1 , 6 , 14 , 16 , 17 , 7 , 1 , 4 , 7 , 10 , 2 , 8 , 10 , 14 , 15 , 11 , 8 , 16 , 6 , 4 , 4 , 10 , 11 , 12 , 5 , 4 , 15 , 9 , 5 , 0 , 13 , 11 , 14 , 12 , 12 , 10 , 7 , 0 , 15 , 16 , 12 , 1 , 9 , 6 , 2 , 15 , 0 , 5 , 11 , 1 , 2 , 1 , 11 , 1 , 14 , 14 , 10 , 9 , 13 , 3 , 13 , 13 , 6 , 5 , 
Bins: 9 , 9 , 8 , 9 , 8 , 9 , 8 , 8 , 8 , 8 , 8 , 8 , 6 , 8 , 3 , 8 , 8 , 8 , 
Cost: 101686
time: 7.939582
nImprovAfterGreedy: 40
nImprovAfterRandom: 40
nMigrate: 165269
nSwap: 98187
n: 100
m: 10
Seed: 94089
