Items: 2 , 7 , 1 , 4 , 0 , 8 , 11 , 6 , 3 , 5 , 1 , 12 , 8 , 2 , 0 , 2 , 5 , 3 , 2 , 4 , 7 , 7 , 2 , 5 , 9 , 4 , 2 , 2 , 4 , 1 , 11 , 5 , 5 , 4 , 7 , 4 , 0 , 1 , 11 , 9 , 12 , 8 , 3 , 0 , 8 , 3 , 5 , 7 , 8 , 3 , 6 , 3 , 11 , 9 , 10 , 4 , 4 , 7 , 9 , 10 , 11 , 4 , 11 , 9 , 5 , 3 , 12 , 7 , 3 , 6 , 12 , 0 , 2 , 4 , 11 , 5 , 6 , 0 , 0 , 1 , 7 , 1 , 4 , 1 , 9 , 0 , 1 , 11 , 5 , 1 , 3 , 3 , 8 , 10 , 6 , 7 , 10 , 6 , 1 , 0 , 
Bins: 19 , 19 , 19 , 19 , 19 , 19 , 17 , 19 , 16 , 19 , 2 , 19 , 2 , 
Cost: 96778
time: 7.909988
nImprovAfterGreedy: 20
nImprovAfterRandom: 20
nMigrate: 194921
nSwap: 143968
n: 100
m: 20
Seed: 78328
