Items: 3 , 34 , 14 , 5 , 13 , 23 , 10 , 2 , 10 , 0 , 6 , 30 , 22 , 12 , 8 , 4 , 21 , 22 , 12 , 29 , 25 , 8 , 34 , 18 , 27 , 18 , 32 , 9 , 8 , 21 , 4 , 0 , 18 , 5 , 5 , 16 , 21 , 25 , 3 , 14 , 32 , 15 , 21 , 29 , 15 , 26 , 20 , 0 , 23 , 11 , 12 , 25 , 13 , 26 , 0 , 16 , 16 , 23 , 27 , 20 , 10 , 16 , 4 , 33 , 6 , 5 , 30 , 2 , 30 , 33 , 24 , 21 , 9 , 5 , 4 , 14 , 1 , 31 , 27 , 21 , 31 , 28 , 5 , 6 , 31 , 7 , 13 , 19 , 21 , 7 , 34 , 11 , 23 , 16 , 3 , 17 , 28 , 19 , 6 , 26 , 7 , 28 , 0 , 26 , 18 , 9 , 9 , 1 , 8 , 10 , 34 , 24 , 5 , 16 , 14 , 34 , 2 , 17 , 22 , 1 , 12 , 17 , 22 , 20 , 7 , 29 , 6 , 28 , 22 , 14 , 31 , 2 , 7 , 17 , 32 , 15 , 22 , 8 , 7 , 26 , 8 , 10 , 27 , 28 , 24 , 27 , 9 , 15 , 3 , 15 , 19 , 22 , 2 , 2 , 20 , 24 , 3 , 19 , 3 , 33 , 11 , 18 , 0 , 19 , 29 , 12 , 25 , 17 , 11 , 20 , 8 , 11 , 21 , 28 , 3 , 31 , 30 , 20 , 12 , 5 , 13 , 25 , 1 , 3 , 6 , 15 , 23 , 1 , 22 , 17 , 22 , 31 , 10 , 21 , 15 , 6 , 24 , 8 , 4 , 4 , 
Bins: 11 , 11 , 11 , 18 , 11 , 18 , 18 , 11 , 18 , 11 , 18 , 3 , 19 , 2 , 18 , 7 , 11 , 11 , 11 , 8 , 11 , 19 , 19 , 7 , 7 , 11 , 11 , 11 , 11 , 6 , 11 , 11 , 3 , 2 , 11 , 
Cost: 417392
time: 34.444747
nImprovAfterGreedy: 62
nImprovAfterRandom: 62
nMigrate: 159924
nSwap: 124436
n: 200
m: 20
Seed: 26756
