Items: 11 , 6 , 2 , 4 , 14 , 8 , 8 , 12 , 4 , 4 , 2 , 9 , 10 , 11 , 14 , 11 , 0 , 13 , 11 , 13 , 12 , 7 , 11 , 7 , 3 , 7 , 13 , 7 , 7 , 2 , 15 , 0 , 0 , 7 , 3 , 4 , 14 , 2 , 8 , 1 , 10 , 5 , 3 , 13 , 5 , 12 , 0 , 13 , 8 , 5 , 10 , 12 , 15 , 1 , 6 , 4 , 4 , 8 , 3 , 6 , 15 , 4 , 15 , 3 , 0 , 1 , 6 , 12 , 5 , 10 , 9 , 13 , 11 , 4 , 15 , 1 , 12 , 14 , 3 , 2 , 14 , 6 , 4 , 2 , 1 , 14 , 0 , 14 , 7 , 2 , 0 , 5 , 8 , 5 , 9 , 7 , 6 , 9 , 2 , 9 , 
Bins: 8 , 9 , 9 , 9 , 9 , 8 , 8 , 9 , 9 , 8 , 8 , 9 , 8 , 9 , 9 , 8 , 
Cost: 92050
time: 7.671369
nImprovAfterGreedy: 18
nImprovAfterRandom: 18
nMigrate: 176937
nSwap: 108826
n: 100
m: 10
Seed: 24372
