Items: 6 , 4 , 0 , 1 , 9 , 8 , 14 , 1 , 1 , 4 , 5 , 11 , 12 , 8 , 9 , 0 , 14 , 13 , 8 , 9 , 4 , 4 , 4 , 14 , 10 , 2 , 0 , 6 , 2 , 5 , 0 , 0 , 13 , 2 , 3 , 7 , 3 , 5 , 8 , 10 , 2 , 12 , 3 , 9 , 12 , 1 , 6 , 4 , 8 , 13 , 8 , 15 , 0 , 10 , 15 , 7 , 2 , 2 , 10 , 15 , 0 , 7 , 12 , 3 , 14 , 1 , 13 , 6 , 13 , 7 , 11 , 9 , 6 , 1 , 3 , 6 , 7 , 9 , 3 , 5 , 6 , 5 , 1 , 5 , 10 , 9 , 13 , 4 , 14 , 5 , 1 , 1 , 12 , 7 , 11 , 2 , 15 , 11 , 5 , 11 , 
Bins: 8 , 9 , 8 , 9 , 9 , 9 , 9 , 8 , 9 , 9 , 9 , 8 , 8 , 8 , 9 , 4 , 
Cost: 92055
time: 7.546966
nImprovAfterGreedy: 28
nImprovAfterRandom: 28
nMigrate: 179742
nSwap: 107103
n: 100
m: 10
Seed: 41092
