Items: 12 , 4 , 15 , 14 , 7 , 11 , 15 , 4 , 3 , 6 , 1 , 9 , 2 , 17 , 5 , 12 , 7 , 1 , 17 , 17 , 2 , 12 , 2 , 3 , 1 , 12 , 6 , 12 , 3 , 1 , 12 , 6 , 6 , 9 , 13 , 10 , 7 , 2 , 15 , 16 , 0 , 8 , 7 , 0 , 8 , 11 , 3 , 6 , 11 , 8 , 10 , 2 , 8 , 16 , 10 , 6 , 15 , 11 , 1 , 10 , 15 , 14 , 14 , 13 , 15 , 14 , 13 , 4 , 8 , 0 , 17 , 11 , 12 , 14 , 7 , 16 , 4 , 5 , 7 , 0 , 4 , 5 , 3 , 1 , 16 , 5 , 1 , 5 , 7 , 5 , 3 , 8 , 11 , 13 , 9 , 3 , 10 , 9 , 1 , 9 , 
Bins: 10 , 19 , 15 , 18 , 15 , 18 , 15 , 19 , 15 , 15 , 15 , 15 , 19 , 15 , 15 , 18 , 15 , 15 , 
Cost: 101336
time: 7.789478
nImprovAfterGreedy: 36
nImprovAfterRandom: 36
nMigrate: 118669
nSwap: 96641
n: 100
m: 20
Seed: 39996
