Items: 11 , 24 , 18 , 2 , 26 , 4 , 23 , 3 , 23 , 18 , 21 , 30 , 29 , 22 , 33 , 6 , 26 , 17 , 34 , 25 , 20 , 5 , 24 , 1 , 10 , 1 , 0 , 5 , 5 , 21 , 6 , 18 , 1 , 2 , 19 , 2 , 26 , 20 , 4 , 9 , 17 , 7 , 26 , 0 , 7 , 25 , 27 , 0 , 4 , 14 , 3 , 29 , 12 , 24 , 18 , 21 , 21 , 4 , 10 , 27 , 23 , 21 , 29 , 34 , 22 , 2 , 30 , 15 , 14 , 17 , 10 , 0 , 19 , 2 , 29 , 32 , 9 , 33 , 26 , 2 , 19 , 33 , 2 , 33 , 28 , 22 , 28 , 24 , 26 , 5 , 5 , 31 , 11 , 19 , 12 , 5 , 32 , 32 , 27 , 25 , 13 , 10 , 18 , 21 , 1 , 12 , 29 , 9 , 16 , 23 , 33 , 22 , 2 , 3 , 16 , 28 , 3 , 13 , 0 , 3 , 18 , 13 , 8 , 27 , 5 , 12 , 22 , 30 , 8 , 9 , 8 , 28 , 22 , 13 , 7 , 7 , 31 , 16 , 15 , 25 , 16 , 23 , 14 , 10 , 8 , 19 , 11 , 7 , 34 , 24 , 32 , 11 , 4 , 15 , 25 , 8 , 5 , 14 , 11 , 32 , 20 , 1 , 18 , 5 , 17 , 12 , 3 , 17 , 31 , 27 , 16 , 32 , 6 , 30 , 11 , 31 , 33 , 10 , 34 , 19 , 28 , 14 , 15 , 15 , 22 , 13 , 6 , 9 , 33 , 13 , 11 , 31 , 23 , 16 , 7 , 20 , 8 , 15 , 29 , 6 , 
Bins: 8 , 8 , 9 , 8 , 8 , 9 , 8 , 8 , 8 , 9 , 8 , 9 , 8 , 8 , 8 , 8 , 9 , 8 , 8 , 8 , 8 , 8 , 9 , 9 , 8 , 8 , 8 , 8 , 8 , 8 , 8 , 8 , 8 , 9 , 8 , 
Cost: 392966
time: 29.857600
nImprovAfterGreedy: 48
nImprovAfterRandom: 48
nMigrate: 174868
nSwap: 92861
n: 200
m: 10
Seed: 69945
