Items: 0 , 19 , 19 , 1 , 26 , 30 , 3 , 0 , 7 , 20 , 13 , 2 , 14 , 27 , 6 , 22 , 5 , 28 , 15 , 27 , 32 , 20 , 15 , 5 , 16 , 22 , 18 , 7 , 22 , 13 , 22 , 19 , 10 , 20 , 20 , 17 , 5 , 32 , 0 , 26 , 21 , 8 , 5 , 9 , 8 , 34 , 12 , 9 , 4 , 24 , 30 , 32 , 25 , 17 , 32 , 16 , 16 , 20 , 24 , 18 , 11 , 11 , 34 , 15 , 29 , 13 , 23 , 10 , 24 , 3 , 1 , 18 , 11 , 6 , 25 , 26 , 3 , 6 , 26 , 13 , 10 , 31 , 6 , 29 , 25 , 2 , 10 , 6 , 5 , 13 , 5 , 19 , 4 , 23 , 1 , 20 , 17 , 12 , 13 , 34 , 8 , 17 , 19 , 11 , 31 , 7 , 7 , 33 , 7 , 11 , 28 , 13 , 20 , 30 , 33 , 10 , 30 , 8 , 14 , 30 , 12 , 20 , 28 , 21 , 34 , 33 , 29 , 8 , 28 , 7 , 25 , 1 , 29 , 23 , 21 , 12 , 14 , 3 , 2 , 34 , 31 , 9 , 24 , 17 , 16 , 24 , 7 , 17 , 29 , 19 , 12 , 14 , 4 , 18 , 34 , 4 , 0 , 6 , 0 , 31 , 21 , 27 , 29 , 29 , 9 , 2 , 25 , 5 , 14 , 16 , 31 , 13 , 5 , 17 , 0 , 25 , 28 , 12 , 15 , 8 , 1 , 32 , 18 , 0 , 29 , 8 , 22 , 0 , 28 , 28 , 14 , 23 , 2 , 18 , 30 , 27 , 28 , 18 , 2 , 22 , 
Bins: 18 , 4 , 15 , 15 , 16 , 19 , 11 , 18 , 15 , 4 , 15 , 15 , 15 , 19 , 15 , 15 , 15 , 19 , 15 , 15 , 18 , 15 , 15 , 15 , 15 , 15 , 4 , 12 , 19 , 18 , 15 , 4 , 15 , 3 , 15 , 
Cost: 419383
time: 35.005934
nImprovAfterGreedy: 62
nImprovAfterRandom: 62
nMigrate: 177741
nSwap: 122049
n: 200
m: 20
Seed: 67981
