Items: 5 , 22 , 6 , 30 , 8 , 0 , 4 , 9 , 24 , 30 , 16 , 23 , 35 , 26 , 1 , 11 , 3 , 32 , 31 , 32 , 2 , 25 , 16 , 27 , 33 , 15 , 5 , 25 , 27 , 6 , 14 , 13 , 17 , 27 , 13 , 15 , 34 , 2 , 9 , 21 , 19 , 18 , 1 , 5 , 18 , 28 , 3 , 5 , 26 , 10 , 0 , 2 , 26 , 22 , 13 , 13 , 25 , 28 , 33 , 30 , 14 , 35 , 24 , 33 , 31 , 24 , 21 , 17 , 21 , 35 , 24 , 28 , 20 , 30 , 22 , 16 , 1 , 1 , 8 , 6 , 16 , 12 , 27 , 16 , 25 , 4 , 8 , 29 , 10 , 32 , 14 , 18 , 4 , 13 , 11 , 27 , 28 , 3 , 6 , 23 , 7 , 20 , 13 , 34 , 36 , 26 , 22 , 14 , 4 , 11 , 32 , 24 , 27 , 20 , 23 , 8 , 0 , 7 , 34 , 15 , 3 , 7 , 19 , 11 , 4 , 23 , 20 , 12 , 19 , 33 , 25 , 29 , 20 , 7 , 19 , 3 , 18 , 4 , 17 , 17 , 28 , 12 , 8 , 15 , 33 , 11 , 20 , 15 , 31 , 29 , 3 , 15 , 0 , 0 , 33 , 34 , 4 , 30 , 1 , 6 , 19 , 21 , 30 , 27 , 9 , 23 , 2 , 24 , 18 , 10 , 10 , 16 , 14 , 26 , 36 , 25 , 32 , 36 , 17 , 13 , 29 , 2 , 9 , 9 , 1 , 7 , 5 , 1 , 32 , 7 , 18 , 6 , 28 , 10 , 0 , 36 , 34 , 9 , 22 , 12 , 
Bins: 8 , 9 , 8 , 8 , 9 , 8 , 8 , 8 , 8 , 3 , 8 , 8 , 3 , 8 , 8 , 8 , 8 , 8 , 8 , 8 , 8 , 6 , 8 , 8 , 8 , 8 , 8 , 9 , 8 , 3 , 3 , 2 , 6 , 8 , 8 , 0 , 3 , 
Cost: 469428
time: 39.601446
nImprovAfterGreedy: 50
nImprovAfterRandom: 50
nMigrate: 252775
nSwap: 159010
n: 200
m: 10
Seed: 99564
