Items: 15 , 21 , 17 , 0 , 15 , 4 , 22 , 17 , 9 , 11 , 1 , 6 , 7 , 10 , 18 , 10 , 11 , 7 , 10 , 18 , 12 , 12 , 21 , 8 , 21 , 15 , 18 , 14 , 8 , 9 , 2 , 11 , 10 , 14 , 16 , 3 , 9 , 12 , 4 , 19 , 23 , 23 , 9 , 18 , 23 , 17 , 0 , 12 , 4 , 3 , 13 , 14 , 15 , 13 , 5 , 9 , 14 , 4 , 1 , 0 , 14 , 14 , 19 , 19 , 11 , 13 , 6 , 20 , 2 , 7 , 21 , 18 , 5 , 0 , 15 , 0 , 17 , 19 , 15 , 18 , 20 , 2 , 0 , 1 , 1 , 6 , 8 , 18 , 11 , 9 , 9 , 20 , 4 , 5 , 8 , 11 , 0 , 21 , 7 , 22 , 6 , 2 , 11 , 14 , 18 , 19 , 14 , 19 , 4 , 14 , 2 , 13 , 0 , 5 , 0 , 10 , 3 , 13 , 16 , 3 , 21 , 2 , 16 , 7 , 6 , 8 , 5 , 6 , 16 , 5 , 19 , 3 , 5 , 4 , 23 , 23 , 19 , 17 , 12 , 22 , 17 , 22 , 15 , 9 , 16 , 1 , 5 , 9 , 10 , 17 , 11 , 5 , 4 , 22 , 0 , 16 , 9 , 3 , 9 , 2 , 23 , 1 , 11 , 11 , 17 , 8 , 12 , 8 , 20 , 7 , 3 , 3 , 8 , 6 , 15 , 20 , 2 , 21 , 10 , 13 , 15 , 13 , 12 , 12 , 12 , 1 , 22 , 17 , 2 , 2 , 5 , 20 , 9 , 18 , 9 , 7 , 16 , 17 , 3 , 3 , 
Bins: 49 , 49 , 49 , 49 , 49 , 49 , 49 , 49 , 49 , 49 , 49 , 49 , 49 , 49 , 49 , 49 , 49 , 49 , 49 , 49 , 48 , 48 , 49 , 38 , 
Cost: 364650
time: 29.326324
nImprovAfterGreedy: 40
nImprovAfterRandom: 40
nMigrate: 137137
nSwap: 126136
n: 200
m: 50
Seed: 2152
