Items: 7 , 23 , 23 , 7 , 26 , 20 , 12 , 16 , 9 , 14 , 21 , 22 , 16 , 18 , 26 , 7 , 8 , 17 , 11 , 12 , 25 , 4 , 25 , 8 , 13 , 4 , 20 , 5 , 4 , 2 , 7 , 14 , 14 , 4 , 27 , 6 , 26 , 2 , 7 , 27 , 1 , 19 , 16 , 10 , 19 , 16 , 8 , 5 , 18 , 4 , 6 , 16 , 5 , 23 , 2 , 0 , 22 , 4 , 21 , 8 , 22 , 12 , 7 , 27 , 7 , 9 , 9 , 24 , 17 , 20 , 15 , 10 , 5 , 0 , 7 , 0 , 13 , 26 , 26 , 2 , 26 , 10 , 6 , 0 , 21 , 9 , 20 , 23 , 4 , 2 , 7 , 25 , 10 , 27 , 22 , 4 , 6 , 13 , 2 , 8 , 9 , 15 , 1 , 22 , 14 , 5 , 16 , 24 , 9 , 22 , 17 , 18 , 0 , 6 , 0 , 14 , 6 , 3 , 28 , 6 , 24 , 15 , 17 , 0 , 16 , 8 , 7 , 9 , 27 , 9 , 12 , 10 , 5 , 3 , 1 , 15 , 28 , 16 , 19 , 24 , 16 , 1 , 4 , 15 , 19 , 0 , 5 , 15 , 11 , 23 , 12 , 27 , 22 , 10 , 8 , 28 , 16 , 23 , 15 , 20 , 1 , 18 , 14 , 4 , 17 , 24 , 25 , 3 , 25 , 18 , 4 , 3 , 6 , 9 , 0 , 25 , 17 , 13 , 11 , 22 , 10 , 1 , 19 , 19 , 19 , 3 , 12 , 16 , 17 , 3 , 1 , 2 , 1 , 20 , 15 , 18 , 28 , 20 , 23 , 23 , 
Bins: 19 , 19 , 18 , 14 , 19 , 17 , 19 , 19 , 16 , 19 , 18 , 0 , 17 , 1 , 14 , 16 , 19 , 13 , 17 , 14 , 14 , 1 , 19 , 17 , 14 , 14 , 13 , 17 , 7 , 
Cost: 418806
time: 32.812175
nImprovAfterGreedy: 32
nImprovAfterRandom: 32
nMigrate: 192593
nSwap: 135737
n: 200
m: 20
Seed: 56098
