Items: 26 , 21 , 8 , 2 , 20 , 9 , 22 , 1 , 15 , 14 , 24 , 11 , 1 , 14 , 20 , 3 , 23 , 1 , 3 , 6 , 28 , 24 , 21 , 23 , 21 , 24 , 13 , 15 , 24 , 16 , 30 , 21 , 14 , 21 , 0 , 15 , 16 , 28 , 25 , 8 , 4 , 3 , 17 , 10 , 16 , 9 , 19 , 13 , 11 , 27 , 7 , 17 , 15 , 9 , 17 , 15 , 31 , 9 , 24 , 19 , 30 , 11 , 24 , 4 , 2 , 18 , 7 , 29 , 7 , 1 , 19 , 9 , 8 , 2 , 2 , 16 , 22 , 20 , 16 , 23 , 29 , 20 , 24 , 20 , 2 , 5 , 29 , 5 , 13 , 6 , 30 , 25 , 26 , 0 , 30 , 18 , 17 , 19 , 5 , 30 , 18 , 28 , 21 , 31 , 14 , 15 , 13 , 8 , 7 , 11 , 6 , 16 , 10 , 1 , 26 , 29 , 1 , 18 , 10 , 12 , 21 , 2 , 6 , 0 , 26 , 30 , 8 , 20 , 6 , 8 , 17 , 5 , 13 , 28 , 4 , 23 , 6 , 26 , 12 , 25 , 9 , 18 , 24 , 31 , 22 , 0 , 13 , 23 , 3 , 5 , 16 , 6 , 11 , 25 , 19 , 10 , 26 , 22 , 17 , 16 , 14 , 28 , 22 , 24 , 1 , 15 , 12 , 4 , 27 , 0 , 27 , 27 , 22 , 14 , 26 , 29 , 6 , 19 , 3 , 19 , 5 , 7 , 12 , 12 , 12 , 22 , 25 , 22 , 6 , 13 , 3 , 7 , 15 , 21 , 23 , 28 , 10 , 3 , 17 , 25 , 
Bins: 38 , 48 , 44 , 48 , 27 , 44 , 48 , 48 , 47 , 38 , 44 , 27 , 44 , 48 , 44 , 48 , 48 , 39 , 27 , 39 , 44 , 48 , 48 , 39 , 49 , 38 , 47 , 18 , 48 , 38 , 44 , 13 , 
Cost: 416824
time: 32.136166
nImprovAfterGreedy: 66
nImprovAfterRandom: 66
nMigrate: 129345
nSwap: 113629
n: 200
m: 50
Seed: 70358
