Items: 2 , 14 , 3 , 0 , 20 , 22 , 13 , 1 , 0 , 5 , 3 , 22 , 21 , 2 , 7 , 4 , 5 , 24 , 4 , 7 , 17 , 12 , 17 , 16 , 24 , 4 , 7 , 12 , 16 , 3 , 4 , 5 , 7 , 8 , 15 , 10 , 18 , 3 , 4 , 20 , 18 , 19 , 18 , 7 , 19 , 1 , 3 , 17 , 22 , 23 , 6 , 14 , 6 , 14 , 3 , 0 , 8 , 1 , 24 , 19 , 8 , 8 , 0 , 18 , 5 , 2 , 11 , 17 , 15 , 2 , 2 , 7 , 8 , 0 , 14 , 12 , 1 , 17 , 18 , 3 , 12 , 13 , 0 , 13 , 20 , 9 , 20 , 14 , 5 , 3 , 13 , 23 , 22 , 15 , 16 , 9 , 10 , 22 , 3 , 16 , 9 , 11 , 5 , 8 , 7 , 16 , 14 , 9 , 0 , 8 , 13 , 2 , 10 , 6 , 0 , 21 , 6 , 6 , 15 , 10 , 21 , 6 , 24 , 19 , 0 , 16 , 9 , 13 , 24 , 6 , 5 , 20 , 9 , 11 , 18 , 19 , 23 , 1 , 9 , 0 , 1 , 13 , 3 , 10 , 24 , 12 , 17 , 11 , 4 , 14 , 5 , 9 , 8 , 10 , 24 , 15 , 1 , 14 , 1 , 2 , 18 , 20 , 5 , 5 , 13 , 16 , 10 , 16 , 23 , 23 , 12 , 12 , 13 , 11 , 2 , 17 , 11 , 24 , 15 , 8 , 20 , 6 , 10 , 1 , 9 , 9 , 4 , 1 , 11 , 11 , 17 , 12 , 1 , 7 , 6 , 2 , 15 , 1 , 14 , 4 , 
Bins: 19 , 19 , 19 , 19 , 19 , 19 , 19 , 19 , 19 , 19 , 19 , 19 , 19 , 19 , 19 , 19 , 19 , 19 , 19 , 15 , 19 , 4 , 16 , 15 , 19 , 
Cost: 364997
time: 30.387895
nImprovAfterGreedy: 51
nImprovAfterRandom: 51
nMigrate: 195274
nSwap: 135144
n: 200
m: 20
Seed: 9371
