Items: 12 , 13 , 3 , 16 , 20 , 0 , 16 , 7 , 29 , 30 , 3 , 20 , 23 , 21 , 24 , 12 , 11 , 4 , 2 , 24 , 17 , 9 , 13 , 9 , 4 , 12 , 24 , 23 , 9 , 29 , 12 , 24 , 5 , 10 , 31 , 21 , 11 , 17 , 7 , 20 , 25 , 26 , 1 , 7 , 31 , 1 , 29 , 7 , 0 , 28 , 19 , 17 , 10 , 8 , 17 , 29 , 15 , 1 , 18 , 19 , 15 , 0 , 22 , 32 , 16 , 6 , 6 , 27 , 25 , 4 , 14 , 24 , 5 , 10 , 22 , 13 , 2 , 28 , 31 , 9 , 31 , 0 , 28 , 3 , 18 , 20 , 25 , 13 , 11 , 11 , 11 , 3 , 0 , 31 , 16 , 11 , 28 , 13 , 29 , 14 , 32 , 8 , 30 , 15 , 30 , 23 , 23 , 5 , 18 , 29 , 3 , 21 , 10 , 5 , 5 , 6 , 21 , 16 , 26 , 21 , 9 , 5 , 32 , 29 , 1 , 19 , 16 , 6 , 32 , 20 , 18 , 25 , 23 , 8 , 25 , 9 , 26 , 2 , 27 , 14 , 1 , 7 , 22 , 21 , 27 , 31 , 23 , 9 , 30 , 3 , 24 , 20 , 22 , 0 , 27 , 14 , 9 , 8 , 27 , 8 , 32 , 26 , 3 , 11 , 7 , 21 , 18 , 19 , 26 , 19 , 28 , 28 , 11 , 6 , 30 , 18 , 8 , 4 , 2 , 32 , 26 , 17 , 27 , 27 , 2 , 3 , 12 , 2 , 8 , 8 , 26 , 1 , 29 , 24 , 21 , 30 , 10 , 2 , 22 , 12 , 
Bins: 19 , 27 , 48 , 26 , 16 , 44 , 27 , 44 , 48 , 26 , 34 , 48 , 27 , 27 , 9 , 3 , 42 , 27 , 27 , 27 , 44 , 48 , 24 , 27 , 48 , 27 , 48 , 26 , 19 , 48 , 44 , 27 , 27 , 
Cost: 416299
time: 33.183564
nImprovAfterGreedy: 49
nImprovAfterRandom: 49
nMigrate: 158983
nSwap: 119335
n: 200
m: 50
Seed: 16334
