Items: 19 , 32 , 17 , 5 , 13 , 4 , 5 , 0 , 28 , 2 , 5 , 6 , 0 , 31 , 12 , 31 , 7 , 0 , 31 , 18 , 17 , 11 , 32 , 7 , 32 , 25 , 15 , 22 , 11 , 13 , 20 , 2 , 8 , 25 , 32 , 9 , 13 , 12 , 0 , 23 , 15 , 21 , 13 , 12 , 21 , 18 , 26 , 9 , 4 , 11 , 9 , 30 , 1 , 23 , 2 , 19 , 3 , 18 , 6 , 26 , 3 , 27 , 30 , 8 , 5 , 24 , 28 , 29 , 0 , 0 , 14 , 18 , 22 , 29 , 30 , 13 , 22 , 12 , 13 , 12 , 29 , 4 , 11 , 5 , 23 , 6 , 15 , 16 , 6 , 25 , 28 , 17 , 4 , 17 , 1 , 22 , 27 , 25 , 26 , 7 , 10 , 9 , 2 , 3 , 8 , 1 , 30 , 22 , 1 , 30 , 20 , 14 , 24 , 9 , 4 , 15 , 14 , 10 , 19 , 24 , 18 , 10 , 20 , 26 , 18 , 7 , 5 , 28 , 8 , 1 , 2 , 16 , 20 , 10 , 21 , 21 , 17 , 22 , 6 , 7 , 18 , 5 , 11 , 27 , 20 , 29 , 9 , 21 , 31 , 16 , 25 , 20 , 1 , 24 , 26 , 27 , 19 , 16 , 19 , 13 , 14 , 16 , 2 , 25 , 0 , 31 , 24 , 28 , 17 , 26 , 11 , 11 , 28 , 28 , 19 , 29 , 20 , 25 , 31 , 14 , 16 , 13 , 19 , 19 , 20 , 10 , 2 , 18 , 20 , 10 , 9 , 12 , 8 , 15 , 21 , 14 , 27 , 0 , 30 , 25 , 
Bins: 48 , 44 , 27 , 3 , 19 , 46 , 27 , 19 , 27 , 48 , 27 , 26 , 44 , 48 , 26 , 26 , 44 , 26 , 48 , 26 , 48 , 27 , 44 , 12 , 24 , 48 , 27 , 19 , 48 , 14 , 27 , 48 , 16 , 
Cost: 415248
time: 31.476140
nImprovAfterGreedy: 60
nImprovAfterRandom: 60
nMigrate: 146666
nSwap: 109265
n: 200
m: 50
Seed: 20824
