Items: 26 , 0 , 8 , 18 , 6 , 2 , 11 , 4 , 12 , 26 , 14 , 2 , 30 , 31 , 9 , 3 , 11 , 19 , 3 , 19 , 28 , 7 , 0 , 25 , 0 , 3 , 25 , 7 , 25 , 5 , 12 , 11 , 25 , 24 , 29 , 17 , 5 , 24 , 8 , 29 , 23 , 19 , 21 , 6 , 13 , 4 , 1 , 27 , 2 , 9 , 7 , 22 , 17 , 4 , 30 , 12 , 14 , 4 , 14 , 1 , 14 , 31 , 21 , 21 , 11 , 18 , 20 , 28 , 13 , 5 , 27 , 5 , 9 , 15 , 21 , 3 , 4 , 10 , 26 , 5 , 28 , 9 , 18 , 8 , 22 , 6 , 10 , 10 , 11 , 24 , 12 , 8 , 2 , 29 , 6 , 18 , 11 , 0 , 1 , 15 , 7 , 20 , 18 , 14 , 18 , 16 , 16 , 31 , 26 , 14 , 12 , 5 , 18 , 17 , 30 , 28 , 17 , 7 , 19 , 17 , 0 , 22 , 24 , 1 , 30 , 16 , 29 , 20 , 24 , 25 , 24 , 10 , 16 , 30 , 23 , 27 , 19 , 9 , 13 , 15 , 4 , 6 , 21 , 31 , 12 , 22 , 2 , 2 , 3 , 10 , 26 , 29 , 8 , 15 , 1 , 27 , 26 , 10 , 26 , 5 , 23 , 20 , 11 , 11 , 8 , 17 , 17 , 16 , 19 , 1 , 9 , 25 , 12 , 20 , 26 , 28 , 12 , 0 , 3 , 8 , 6 , 7 , 13 , 13 , 3 , 22 , 15 , 4 , 12 , 16 , 19 , 7 , 17 , 5 , 13 , 20 , 24 , 15 , 24 , 24 , 
Bins: 48 , 38 , 46 , 48 , 48 , 48 , 44 , 49 , 44 , 44 , 44 , 49 , 48 , 27 , 48 , 38 , 38 , 48 , 44 , 48 , 48 , 27 , 18 , 13 , 48 , 46 , 47 , 18 , 38 , 19 , 38 , 19 , 
Cost: 416280
time: 31.955669
nImprovAfterGreedy: 60
nImprovAfterRandom: 60
nMigrate: 128470
nSwap: 111794
n: 200
m: 50
Seed: 7364
