Items: 4 , 18 , 18 , 2 , 13 , 11 , 0 , 5 , 4 , 9 , 0 , 9 , 23 , 9 , 1 , 7 , 10 , 19 , 7 , 10 , 1 , 13 , 4 , 15 , 0 , 7 , 19 , 17 , 6 , 18 , 16 , 18 , 9 , 14 , 12 , 2 , 13 , 1 , 4 , 3 , 24 , 8 , 2 , 19 , 8 , 10 , 18 , 19 , 11 , 13 , 5 , 1 , 17 , 3 , 1 , 4 , 14 , 10 , 0 , 15 , 14 , 14 , 23 , 0 , 3 , 5 , 11 , 17 , 13 , 24 , 20 , 19 , 14 , 3 , 20 , 6 , 3 , 1 , 13 , 18 , 17 , 16 , 2 , 16 , 3 , 6 , 24 , 1 , 6 , 1 , 16 , 22 , 11 , 2 , 7 , 6 , 2 , 21 , 18 , 20 , 0 , 6 , 18 , 14 , 9 , 17 , 17 , 21 , 11 , 14 , 16 , 5 , 12 , 5 , 11 , 23 , 5 , 5 , 12 , 5 , 21 , 19 , 12 , 18 , 10 , 15 , 2 , 16 , 12 , 17 , 17 , 15 , 17 , 11 , 24 , 21 , 23 , 11 , 8 , 20 , 10 , 19 , 13 , 2 , 8 , 3 , 17 , 4 , 7 , 18 , 10 , 2 , 14 , 2 , 10 , 20 , 4 , 1 , 4 , 13 , 9 , 15 , 10 , 6 , 19 , 22 , 2 , 24 , 22 , 15 , 6 , 6 , 16 , 9 , 6 , 22 , 16 , 21 , 7 , 14 , 15 , 13 , 8 , 8 , 8 , 0 , 7 , 10 , 16 , 12 , 4 , 22 , 4 , 19 , 4 , 9 , 12 , 4 , 1 , 16 , 
Bins: 19 , 19 , 19 , 19 , 19 , 19 , 19 , 19 , 15 , 19 , 19 , 19 , 19 , 19 , 19 , 19 , 19 , 19 , 19 , 19 , 16 , 15 , 15 , 2 , 15 , 
Cost: 383160
time: 32.832962
nImprovAfterGreedy: 49
nImprovAfterRandom: 49
nMigrate: 217692
nSwap: 150764
n: 200
m: 20
Seed: 52657
