Items: 12 , 3 , 3 , 0 , 17 , 5 , 16 , 16 , 7 , 7 , 3 , 14 , 4 , 10 , 2 , 12 , 15 , 7 , 10 , 10 , 8 , 7 , 8 , 7 , 8 , 6 , 12 , 7 , 7 , 1 , 9 , 13 , 13 , 6 , 13 , 13 , 17 , 15 , 1 , 11 , 10 , 17 , 15 , 1 , 17 , 5 , 13 , 12 , 5 , 9 , 4 , 15 , 9 , 11 , 15 , 13 , 16 , 5 , 8 , 0 , 16 , 6 , 9 , 17 , 16 , 4 , 14 , 6 , 14 , 4 , 4 , 5 , 12 , 6 , 9 , 11 , 0 , 2 , 17 , 1 , 6 , 2 , 0 , 3 , 11 , 2 , 1 , 2 , 15 , 2 , 3 , 3 , 5 , 13 , 16 , 7 , 0 , 0 , 1 , 8 , 
Bins: 6 , 6 , 9 , 6 , 6 , 6 , 6 , 9 , 6 , 6 , 6 , 6 , 6 , 6 , 3 , 6 , 9 , 6 , 
Cost: 114102
time: 8.922759
nImprovAfterGreedy: 24
nImprovAfterRandom: 24
nMigrate: 192123
nSwap: 126277
n: 100
m: 10
Seed: 86852
