Items: 5 , 17 , 19 , 13 , 7 , 1 , 22 , 1 , 7 , 8 , 14 , 26 , 10 , 30 , 0 , 19 , 26 , 27 , 31 , 22 , 3 , 13 , 17 , 20 , 6 , 26 , 12 , 10 , 13 , 14 , 30 , 12 , 4 , 26 , 29 , 27 , 7 , 3 , 5 , 16 , 12 , 6 , 26 , 0 , 11 , 23 , 4 , 18 , 16 , 32 , 1 , 3 , 18 , 34 , 3 , 2 , 2 , 23 , 2 , 9 , 16 , 2 , 22 , 19 , 8 , 15 , 33 , 18 , 9 , 28 , 0 , 0 , 19 , 8 , 34 , 29 , 36 , 17 , 7 , 15 , 29 , 35 , 13 , 2 , 7 , 28 , 21 , 17 , 12 , 21 , 21 , 32 , 10 , 29 , 21 , 13 , 23 , 6 , 27 , 20 , 28 , 22 , 12 , 2 , 26 , 10 , 34 , 16 , 5 , 16 , 15 , 14 , 18 , 4 , 5 , 11 , 1 , 13 , 14 , 1 , 28 , 13 , 25 , 9 , 5 , 20 , 4 , 35 , 25 , 15 , 25 , 11 , 28 , 10 , 11 , 6 , 32 , 5 , 4 , 20 , 23 , 35 , 9 , 30 , 25 , 29 , 24 , 6 , 31 , 27 , 24 , 30 , 34 , 10 , 20 , 25 , 5 , 17 , 14 , 24 , 11 , 22 , 8 , 8 , 1 , 27 , 15 , 33 , 32 , 23 , 13 , 15 , 21 , 33 , 24 , 8 , 33 , 6 , 31 , 36 , 0 , 3 , 7 , 14 , 28 , 1 , 21 , 24 , 33 , 33 , 24 , 32 , 23 , 12 , 35 , 36 , 25 , 9 , 16 , 16 , 
Bins: 4 , 15 , 15 , 15 , 4 , 17 , 15 , 15 , 4 , 12 , 15 , 15 , 15 , 18 , 5 , 16 , 18 , 4 , 15 , 4 , 16 , 12 , 12 , 15 , 13 , 15 , 15 , 12 , 15 , 15 , 4 , 1 , 15 , 12 , 15 , 4 , 3 , 
Cost: 468294
time: 44.049973
nImprovAfterGreedy: 60
nImprovAfterRandom: 60
nMigrate: 241196
nSwap: 185780
n: 200
m: 20
Seed: 21324
