Items: 2 , 7 , 3 , 1 , 10 , 4 , 6 , 1 , 1 , 2 , 3 , 8 , 12 , 4 , 2 , 11 , 11 , 12 , 4 , 4 , 7 , 0 , 7 , 11 , 5 , 0 , 2 , 0 , 0 , 3 , 6 , 2 , 2 , 0 , 5 , 1 , 5 , 3 , 6 , 10 , 5 , 9 , 1 , 2 , 9 , 1 , 3 , 2 , 4 , 9 , 1 , 10 , 6 , 11 , 10 , 0 , 0 , 4 , 5 , 1 , 6 , 0 , 6 , 5 , 11 , 12 , 4 , 7 , 9 , 12 , 8 , 2 , 9 , 0 , 6 , 10 , 11 , 7 , 5 , 3 , 7 , 6 , 1 , 3 , 10 , 12 , 3 , 7 , 11 , 3 , 3 , 7 , 4 , 9 , 8 , 0 , 1 , 8 , 3 , 8 , 
Bins: 19 , 19 , 19 , 19 , 19 , 19 , 19 , 19 , 15 , 15 , 15 , 19 , 8 , 
Cost: 97083
time: 14.490023
nImprovAfterGreedy: 20
nImprovAfterRandom: 20
nMigrate: 200419
nSwap: 154878
n: 100
m: 20
Seed: 9125
