Items: 0 , 8 , 3 , 1 , 0 , 5 , 2 , 11 , 3 , 7 , 3 , 14 , 16 , 6 , 7 , 10 , 7 , 1 , 10 , 7 , 18 , 9 , 14 , 9 , 1 , 9 , 7 , 14 , 9 , 4 , 4 , 7 , 10 , 13 , 12 , 5 , 0 , 18 , 19 , 19 , 21 , 16 , 2 , 7 , 22 , 11 , 1 , 15 , 6 , 11 , 5 , 18 , 15 , 8 , 19 , 3 , 13 , 2 , 1 , 1 , 13 , 13 , 20 , 0 , 8 , 6 , 14 , 22 , 12 , 17 , 23 , 7 , 13 , 8 , 18 , 20 , 11 , 20 , 0 , 4 , 20 , 4 , 3 , 3 , 19 , 15 , 4 , 20 , 9 , 4 , 3 , 3 , 2 , 12 , 10 , 9 , 2 , 24 , 1 , 23 , 17 , 0 , 19 , 13 , 10 , 15 , 18 , 20 , 5 , 13 , 4 , 6 , 2 , 5 , 3 , 22 , 5 , 8 , 16 , 5 , 21 , 8 , 12 , 24 , 23 , 17 , 19 , 6 , 12 , 5 , 19 , 15 , 15 , 8 , 21 , 15 , 16 , 11 , 9 , 23 , 11 , 21 , 9 , 2 , 22 , 8 , 15 , 24 , 10 , 20 , 7 , 2 , 13 , 2 , 1 , 12 , 9 , 1 , 19 , 0 , 6 , 20 , 11 , 9 , 3 , 21 , 18 , 17 , 16 , 1 , 11 , 24 , 4 , 6 , 9 , 19 , 4 , 18 , 10 , 13 , 15 , 0 , 22 , 22 , 18 , 8 , 23 , 11 , 4 , 17 , 16 , 14 , 19 , 11 , 5 , 6 , 12 , 3 , 18 , 6 , 
Bins: 19 , 19 , 19 , 19 , 19 , 19 , 19 , 19 , 19 , 19 , 19 , 19 , 19 , 19 , 11 , 19 , 11 , 11 , 19 , 19 , 19 , 11 , 8 , 8 , 2 , 
Cost: 389869
time: 36.508287
nImprovAfterGreedy: 54
nImprovAfterRandom: 54
nMigrate: 231076
nSwap: 186829
n: 200
m: 20
Seed: 39423
