Items: 0 , 28 , 24 , 8 , 10 , 21 , 21 , 4 , 9 , 7 , 18 , 5 , 26 , 15 , 3 , 15 , 20 , 11 , 15 , 3 , 27 , 0 , 28 , 7 , 22 , 0 , 3 , 19 , 0 , 9 , 11 , 20 , 20 , 13 , 29 , 16 , 9 , 27 , 21 , 8 , 17 , 12 , 9 , 3 , 12 , 4 , 20 , 19 , 21 , 2 , 23 , 26 , 19 , 28 , 27 , 13 , 13 , 4 , 18 , 17 , 13 , 13 , 26 , 29 , 15 , 8 , 5 , 23 , 11 , 25 , 25 , 3 , 19 , 8 , 26 , 24 , 25 , 2 , 20 , 3 , 24 , 11 , 8 , 18 , 10 , 5 , 10 , 2 , 9 , 9 , 6 , 14 , 4 , 29 , 6 , 0 , 16 , 22 , 24 , 6 , 5 , 7 , 14 , 13 , 7 , 19 , 26 , 16 , 4 , 13 , 11 , 1 , 8 , 23 , 6 , 10 , 23 , 1 , 30 , 16 , 22 , 1 , 29 , 17 , 5 , 6 , 8 , 5 , 29 , 23 , 14 , 2 , 19 , 1 , 30 , 22 , 14 , 4 , 12 , 27 , 4 , 18 , 0 , 16 , 12 , 28 , 19 , 9 , 15 , 24 , 20 , 16 , 25 , 2 , 20 , 30 , 0 , 2 , 9 , 21 , 17 , 7 , 22 , 0 , 18 , 30 , 16 , 1 , 14 , 2 , 4 , 24 , 6 , 7 , 0 , 14 , 11 , 22 , 15 , 25 , 10 , 23 , 12 , 12 , 12 , 28 , 21 , 0 , 11 , 1 , 14 , 27 , 9 , 3 , 28 , 25 , 30 , 21 , 26 , 20 , 
Bins: 9 , 6 , 6 , 9 , 9 , 6 , 9 , 9 , 8 , 9 , 6 , 9 , 6 , 6 , 6 , 9 , 9 , 1 , 6 , 9 , 6 , 9 , 6 , 6 , 6 , 6 , 6 , 6 , 6 , 6 , 6 , 
Cost: 393307
time: 33.560405
nImprovAfterGreedy: 59
nImprovAfterRandom: 59
nMigrate: 217702
nSwap: 139050
n: 200
m: 10
Seed: 15900
