Items: 13 , 18 , 16 , 2 , 34 , 22 , 6 , 32 , 6 , 8 , 11 , 0 , 30 , 10 , 5 , 27 , 5 , 11 , 26 , 21 , 22 , 4 , 18 , 9 , 14 , 31 , 27 , 30 , 31 , 11 , 15 , 27 , 8 , 31 , 12 , 17 , 34 , 7 , 13 , 16 , 29 , 21 , 3 , 31 , 21 , 32 , 8 , 4 , 14 , 28 , 3 , 3 , 25 , 23 , 7 , 24 , 24 , 4 , 14 , 7 , 15 , 24 , 23 , 34 , 10 , 2 , 0 , 20 , 15 , 9 , 33 , 5 , 24 , 2 , 23 , 12 , 32 , 18 , 34 , 11 , 12 , 28 , 2 , 16 , 27 , 0 , 11 , 18 , 5 , 7 , 19 , 1 , 6 , 12 , 26 , 4 , 5 , 5 , 11 , 33 , 0 , 23 , 27 , 24 , 8 , 30 , 30 , 16 , 13 , 7 , 19 , 10 , 2 , 19 , 16 , 21 , 20 , 2 , 31 , 17 , 3 , 2 , 0 , 29 , 6 , 7 , 16 , 21 , 34 , 15 , 1 , 25 , 30 , 22 , 29 , 11 , 23 , 6 , 4 , 33 , 32 , 19 , 23 , 17 , 14 , 12 , 30 , 20 , 26 , 25 , 5 , 17 , 20 , 20 , 14 , 33 , 13 , 18 , 13 , 22 , 29 , 9 , 6 , 5 , 19 , 11 , 10 , 32 , 1 , 9 , 28 , 28 , 14 , 14 , 13 , 1 , 15 , 14 , 26 , 21 , 25 , 3 , 17 , 13 , 10 , 3 , 1 , 13 , 15 , 32 , 1 , 22 , 8 , 27 , 20 , 10 , 31 , 26 , 23 , 15 , 
Bins: 15 , 15 , 18 , 15 , 15 , 19 , 18 , 15 , 4 , 15 , 18 , 19 , 15 , 18 , 19 , 18 , 18 , 4 , 4 , 4 , 15 , 15 , 15 , 19 , 15 , 4 , 14 , 15 , 10 , 15 , 15 , 15 , 15 , 10 , 15 , 
Cost: 419765
time: 34.973699
nImprovAfterGreedy: 67
nImprovAfterRandom: 67
nMigrate: 177458
nSwap: 121418
n: 200
m: 20
Seed: 59617
