Items: 14 , 5 , 5 , 8 , 14 , 7 , 3 , 8 , 8 , 1 , 10 , 4 , 12 , 6 , 2 , 4 , 1 , 8 , 4 , 15 , 13 , 9 , 14 , 17 , 1 , 4 , 15 , 8 , 4 , 0 , 9 , 1 , 1 , 2 , 11 , 11 , 2 , 13 , 7 , 16 , 0 , 12 , 2 , 15 , 12 , 12 , 1 , 7 , 7 , 9 , 10 , 13 , 12 , 16 , 13 , 11 , 3 , 7 , 10 , 5 , 3 , 15 , 9 , 17 , 3 , 8 , 6 , 11 , 9 , 10 , 6 , 15 , 17 , 8 , 14 , 14 , 16 , 2 , 14 , 0 , 11 , 9 , 8 , 10 , 16 , 2 , 0 , 2 , 17 , 0 , 5 , 5 , 12 , 11 , 3 , 17 , 5 , 7 , 0 , 6 , 
Bins: 6 , 6 , 9 , 9 , 6 , 6 , 3 , 6 , 9 , 6 , 6 , 6 , 6 , 3 , 6 , 6 , 6 , 6 , 
Cost: 114013
time: 8.857364
nImprovAfterGreedy: 29
nImprovAfterRandom: 29
nMigrate: 198989
nSwap: 124492
n: 100
m: 10
Seed: 61308
