Items: 12 , 17 , 9 , 10 , 4 , 8 , 11 , 16 , 10 , 10 , 5 , 2 , 9 , 12 , 1 , 0 , 15 , 10 , 12 , 11 , 13 , 1 , 12 , 15 , 14 , 4 , 6 , 13 , 4 , 9 , 7 , 6 , 6 , 2 , 14 , 6 , 1 , 13 , 3 , 4 , 15 , 16 , 1 , 0 , 16 , 8 , 17 , 0 , 8 , 3 , 17 , 13 , 7 , 6 , 17 , 6 , 11 , 8 , 5 , 17 , 11 , 13 , 7 , 14 , 10 , 10 , 5 , 16 , 3 , 9 , 5 , 8 , 0 , 10 , 7 , 4 , 16 , 1 , 14 , 9 , 16 , 7 , 10 , 5 , 4 , 1 , 5 , 1 , 15 , 1 , 3 , 3 , 8 , 14 , 2 , 15 , 17 , 2 , 9 , 2 , 
Bins: 4 , 18 , 15 , 4 , 15 , 15 , 15 , 15 , 15 , 15 , 18 , 12 , 15 , 15 , 15 , 16 , 15 , 15 , 
Cost: 114693
time: 8.105593
nImprovAfterGreedy: 37
nImprovAfterRandom: 37
nMigrate: 146660
nSwap: 100541
n: 100
m: 20
Seed: 32276
