Items: 1 , 10 , 12 , 8 , 7 , 0 , 0 , 8 , 8 , 6 , 2 , 4 , 14 , 5 , 7 , 12 , 6 , 14 , 5 , 5 , 10 , 1 , 15 , 11 , 2 , 4 , 12 , 1 , 11 , 9 , 12 , 6 , 6 , 4 , 13 , 8 , 7 , 10 , 0 , 3 , 15 , 13 , 8 , 1 , 13 , 3 , 6 , 1 , 0 , 6 , 8 , 10 , 7 , 3 , 9 , 4 , 4 , 0 , 2 , 9 , 12 , 4 , 12 , 2 , 5 , 3 , 13 , 10 , 13 , 14 , 5 , 6 , 1 , 4 , 5 , 12 , 14 , 7 , 7 , 9 , 1 , 9 , 8 , 2 , 3 , 7 , 9 , 15 , 11 , 9 , 11 , 10 , 0 , 13 , 11 , 11 , 8 , 15 , 2 , 11 , 
Bins: 9 , 9 , 9 , 9 , 8 , 9 , 8 , 9 , 9 , 8 , 8 , 9 , 8 , 8 , 1 , 2 , 
Cost: 99926
time: 7.714194
nImprovAfterGreedy: 32
nImprovAfterRandom: 32
nMigrate: 184609
nSwap: 112644
n: 100
m: 10
Seed: 1668
