Items: 4 , 3 , 9 , 1 , 4 , 2 , 0 , 1 , 1 , 10 , 0 , 11 , 9 , 13 , 5 , 12 , 8 , 1 , 13 , 8 , 17 , 7 , 4 , 16 , 15 , 6 , 10 , 0 , 16 , 9 , 7 , 10 , 10 , 6 , 15 , 1 , 5 , 17 , 2 , 15 , 8 , 8 , 5 , 6 , 8 , 6 , 3 , 10 , 2 , 7 , 13 , 17 , 12 , 14 , 3 , 10 , 0 , 2 , 16 , 3 , 0 , 6 , 7 , 15 , 0 , 1 , 11 , 12 , 7 , 9 , 13 , 8 , 12 , 1 , 4 , 4 , 14 , 5 , 4 , 9 , 12 , 7 , 1 , 0 , 17 , 5 , 11 , 5 , 16 , 5 , 16 , 17 , 2 , 3 , 11 , 16 , 3 , 11 , 9 , 6 , 
Bins: 9 , 9 , 6 , 6 , 6 , 9 , 6 , 6 , 6 , 6 , 6 , 6 , 6 , 6 , 0 , 6 , 6 , 6 , 
Cost: 113772
time: 8.396929
nImprovAfterGreedy: 34
nImprovAfterRandom: 34
nMigrate: 180164
nSwap: 112667
n: 100
m: 10
Seed: 57606
