Items: 4 , 2 , 4 , 6 , 3 , 10 , 10 , 6 , 6 , 2 , 11 , 14 , 8 , 4 , 3 , 4 , 9 , 8 , 4 , 7 , 2 , 2 , 2 , 9 , 11 , 1 , 7 , 3 , 9 , 4 , 12 , 7 , 5 , 1 , 5 , 6 , 3 , 13 , 10 , 0 , 7 , 8 , 1 , 7 , 8 , 6 , 3 , 2 , 10 , 5 , 8 , 1 , 12 , 0 , 13 , 1 , 1 , 10 , 11 , 13 , 12 , 1 , 12 , 11 , 0 , 6 , 5 , 15 , 5 , 8 , 14 , 7 , 4 , 1 , 12 , 3 , 0 , 3 , 3 , 7 , 15 , 13 , 6 , 11 , 0 , 9 , 15 , 2 , 9 , 13 , 6 , 6 , 10 , 5 , 15 , 9 , 13 , 14 , 11 , 14 , 
Bins: 9 , 8 , 9 , 9 , 9 , 8 , 9 , 8 , 8 , 9 , 9 , 9 , 8 , 8 , 2 , 1 , 
Cost: 99908
time: 7.508265
nImprovAfterGreedy: 29
nImprovAfterRandom: 29
nMigrate: 186176
nSwap: 106539
n: 100
m: 10
Seed: 61650
