Items: 1 , 10 , 1 , 2 , 4 , 8 , 9 , 2 , 6 , 11 , 6 , 13 , 8 , 10 , 12 , 1 , 5 , 6 , 1 , 9 , 8 , 11 , 8 , 5 , 6 , 1 , 1 , 13 , 11 , 6 , 14 , 5 , 5 , 7 , 3 , 3 , 7 , 15 , 1 , 4 , 11 , 3 , 4 , 11 , 3 , 0 , 5 , 11 , 8 , 5 , 14 , 15 , 14 , 0 , 15 , 9 , 9 , 9 , 6 , 2 , 14 , 9 , 12 , 4 , 0 , 2 , 13 , 10 , 14 , 3 , 2 , 9 , 13 , 12 , 12 , 4 , 0 , 12 , 4 , 6 , 10 , 10 , 2 , 10 , 0 , 13 , 14 , 12 , 7 , 7 , 7 , 10 , 8 , 3 , 13 , 7 , 2 , 7 , 6 , 7 , 
Bins: 38 , 48 , 39 , 38 , 44 , 46 , 49 , 48 , 46 , 48 , 44 , 44 , 44 , 44 , 48 , 3 , 
Cost: 113315
time: 8.263376
nImprovAfterGreedy: 39
nImprovAfterRandom: 39
nMigrate: 137470
nSwap: 108677
n: 100
m: 50
Seed: 30539
