Items: 0 , 36 , 36 , 19 , 9 , 27 , 8 , 15 , 8 , 0 , 12 , 36 , 10 , 33 , 5 , 20 , 13 , 34 , 33 , 33 , 29 , 5 , 1 , 21 , 5 , 20 , 34 , 1 , 9 , 12 , 19 , 36 , 7 , 32 , 24 , 28 , 23 , 29 , 15 , 0 , 14 , 14 , 21 , 25 , 14 , 13 , 0 , 31 , 27 , 3 , 11 , 29 , 34 , 10 , 29 , 17 , 26 , 3 , 12 , 21 , 32 , 1 , 19 , 24 , 30 , 12 , 8 , 22 , 23 , 2 , 23 , 5 , 31 , 30 , 19 , 4 , 30 , 5 , 1 , 5 , 22 , 21 , 35 , 12 , 26 , 9 , 6 , 4 , 13 , 18 , 23 , 35 , 27 , 24 , 9 , 32 , 21 , 23 , 12 , 17 , 7 , 21 , 36 , 32 , 7 , 10 , 10 , 16 , 0 , 32 , 18 , 28 , 30 , 11 , 16 , 6 , 28 , 28 , 30 , 28 , 6 , 20 , 18 , 14 , 17 , 17 , 26 , 25 , 18 , 34 , 35 , 28 , 10 , 24 , 14 , 10 , 16 , 8 , 19 , 17 , 3 , 25 , 15 , 33 , 18 , 1 , 31 , 18 , 20 , 4 , 0 , 18 , 27 , 27 , 13 , 23 , 5 , 4 , 13 , 26 , 2 , 35 , 36 , 13 , 15 , 9 , 25 , 13 , 35 , 11 , 3 , 9 , 11 , 13 , 0 , 35 , 18 , 6 , 7 , 7 , 6 , 29 , 22 , 22 , 2 , 20 , 20 , 15 , 18 , 24 , 31 , 22 , 7 , 5 , 13 , 2 , 30 , 15 , 19 , 3 , 
Bins: 41 , 23 , 13 , 13 , 13 , 47 , 37 , 37 , 15 , 23 , 37 , 7 , 22 , 49 , 37 , 15 , 11 , 17 , 48 , 37 , 23 , 23 , 23 , 37 , 37 , 14 , 15 , 23 , 32 , 37 , 42 , 11 , 13 , 15 , 11 , 37 , 37 , 
Cost: 465892
time: 40.847267
nImprovAfterGreedy: 51
nImprovAfterRandom: 51
nMigrate: 174259
nSwap: 158830
n: 200
m: 50
Seed: 93273
