Items: 6 , 1 , 5 , 7 , 0 , 11 , 15 , 6 , 2 , 10 , 5 , 11 , 12 , 6 , 0 , 2 , 9 , 1 , 15 , 3 , 14 , 4 , 1 , 10 , 1 , 2 , 1 , 7 , 10 , 2 , 4 , 1 , 13 , 14 , 13 , 2 , 9 , 5 , 6 , 13 , 10 , 8 , 9 , 12 , 8 , 3 , 9 , 1 , 11 , 4 , 15 , 8 , 0 , 3 , 12 , 2 , 2 , 3 , 8 , 8 , 8 , 7 , 4 , 13 , 7 , 6 , 11 , 14 , 4 , 6 , 6 , 3 , 10 , 7 , 7 , 9 , 3 , 0 , 9 , 12 , 9 , 4 , 2 , 14 , 14 , 0 , 5 , 0 , 9 , 5 , 5 , 5 , 12 , 13 , 15 , 10 , 12 , 11 , 5 , 14 , 
Bins: 44 , 48 , 48 , 48 , 38 , 48 , 44 , 44 , 38 , 48 , 44 , 39 , 39 , 44 , 46 , 35 , 
Cost: 112978
time: 7.779954
nImprovAfterGreedy: 38
nImprovAfterRandom: 38
nMigrate: 92669
nSwap: 103695
n: 100
m: 50
Seed: 72681
