Items: 14 , 21 , 28 , 13 , 0 , 24 , 29 , 14 , 20 , 14 , 10 , 8 , 34 , 4 , 0 , 23 , 7 , 11 , 6 , 31 , 21 , 2 , 21 , 2 , 11 , 23 , 30 , 20 , 2 , 10 , 23 , 25 , 1 , 8 , 2 , 15 , 18 , 10 , 6 , 26 , 30 , 16 , 18 , 5 , 16 , 24 , 25 , 21 , 6 , 9 , 32 , 19 , 29 , 24 , 25 , 13 , 26 , 24 , 10 , 25 , 26 , 17 , 9 , 18 , 4 , 12 , 22 , 15 , 6 , 30 , 31 , 24 , 14 , 13 , 9 , 27 , 4 , 0 , 18 , 10 , 27 , 19 , 13 , 10 , 33 , 0 , 7 , 0 , 7 , 10 , 28 , 28 , 19 , 1 , 8 , 2 , 13 , 12 , 10 , 8 , 22 , 12 , 25 , 17 , 23 , 20 , 20 , 26 , 20 , 8 , 15 , 12 , 2 , 1 , 13 , 7 , 15 , 22 , 21 , 3 , 32 , 2 , 11 , 28 , 34 , 22 , 1 , 12 , 11 , 20 , 33 , 5 , 10 , 34 , 16 , 16 , 34 , 19 , 3 , 17 , 24 , 29 , 18 , 17 , 11 , 27 , 20 , 16 , 23 , 5 , 25 , 1 , 15 , 9 , 11 , 31 , 14 , 0 , 14 , 26 , 31 , 32 , 7 , 7 , 28 , 29 , 3 , 22 , 33 , 32 , 27 , 27 , 7 , 12 , 14 , 33 , 12 , 11 , 6 , 12 , 5 , 29 , 3 , 3 , 4 , 32 , 33 , 14 , 7 , 22 , 33 , 34 , 29 , 30 , 16 , 4 , 11 , 6 , 9 , 9 , 
Bins: 11 , 4 , 18 , 15 , 18 , 4 , 14 , 19 , 15 , 15 , 19 , 19 , 19 , 15 , 18 , 15 , 15 , 15 , 15 , 4 , 18 , 15 , 15 , 15 , 15 , 15 , 17 , 15 , 15 , 19 , 15 , 10 , 15 , 15 , 15 , 
Cost: 419936
time: 34.199632
nImprovAfterGreedy: 49
nImprovAfterRandom: 49
nMigrate: 160452
nSwap: 117453
n: 200
m: 20
Seed: 24796
