Items: 16 , 10 , 23 , 20 , 26 , 25 , 0 , 3 , 0 , 10 , 8 , 1 , 24 , 5 , 31 , 5 , 17 , 14 , 5 , 18 , 6 , 10 , 19 , 14 , 27 , 15 , 18 , 8 , 15 , 4 , 21 , 23 , 33 , 10 , 13 , 11 , 12 , 6 , 16 , 13 , 30 , 2 , 17 , 18 , 2 , 17 , 27 , 10 , 5 , 9 , 32 , 6 , 25 , 3 , 6 , 20 , 11 , 17 , 9 , 32 , 18 , 11 , 21 , 29 , 0 , 15 , 1 , 28 , 9 , 34 , 34 , 17 , 10 , 20 , 21 , 8 , 3 , 31 , 9 , 4 , 8 , 4 , 20 , 13 , 13 , 1 , 26 , 31 , 15 , 4 , 26 , 22 , 0 , 29 , 26 , 15 , 20 , 27 , 23 , 28 , 7 , 32 , 23 , 12 , 33 , 25 , 24 , 13 , 16 , 28 , 26 , 33 , 18 , 32 , 20 , 2 , 3 , 7 , 12 , 11 , 27 , 10 , 29 , 24 , 7 , 25 , 13 , 1 , 29 , 14 , 29 , 23 , 4 , 7 , 30 , 27 , 22 , 0 , 34 , 28 , 17 , 30 , 9 , 11 , 2 , 8 , 14 , 4 , 19 , 23 , 31 , 14 , 3 , 28 , 17 , 12 , 16 , 21 , 16 , 4 , 33 , 22 , 0 , 15 , 24 , 25 , 29 , 25 , 22 , 32 , 31 , 8 , 26 , 33 , 15 , 19 , 18 , 27 , 5 , 31 , 22 , 6 , 2 , 16 , 2 , 7 , 19 , 16 , 14 , 7 , 14 , 19 , 30 , 31 , 16 , 34 , 12 , 24 , 21 , 21 , 
Bins: 9 , 3 , 6 , 6 , 6 , 6 , 6 , 6 , 6 , 6 , 9 , 6 , 6 , 9 , 9 , 6 , 9 , 6 , 9 , 6 , 6 , 6 , 6 , 6 , 6 , 6 , 6 , 6 , 6 , 6 , 6 , 9 , 6 , 6 , 3 , 
Cost: 417793
time: 34.873957
nImprovAfterGreedy: 43
nImprovAfterRandom: 43
nMigrate: 227154
nSwap: 127397
n: 200
m: 10
Seed: 46565
