Items: 21 , 1 , 1 , 2 , 21 , 4 , 16 , 6 , 15 , 12 , 7 , 26 , 29 , 13 , 3 , 13 , 12 , 24 , 13 , 3 , 8 , 5 , 21 , 25 , 7 , 17 , 3 , 27 , 10 , 14 , 2 , 12 , 25 , 17 , 2 , 2 , 11 , 8 , 4 , 19 , 20 , 20 , 11 , 3 , 20 , 30 , 18 , 27 , 4 , 5 , 6 , 8 , 27 , 30 , 14 , 15 , 23 , 30 , 7 , 23 , 23 , 23 , 9 , 9 , 13 , 19 , 0 , 17 , 5 , 29 , 29 , 3 , 27 , 10 , 8 , 18 , 29 , 1 , 11 , 3 , 1 , 14 , 2 , 7 , 10 , 21 , 28 , 1 , 16 , 14 , 28 , 6 , 0 , 2 , 4 , 17 , 16 , 18 , 1 , 30 , 7 , 9 , 12 , 23 , 17 , 27 , 8 , 25 , 0 , 4 , 28 , 26 , 18 , 6 , 0 , 28 , 6 , 5 , 24 , 19 , 18 , 5 , 22 , 20 , 15 , 25 , 2 , 26 , 22 , 14 , 22 , 19 , 27 , 15 , 20 , 18 , 24 , 0 , 11 , 30 , 0 , 16 , 17 , 23 , 22 , 11 , 27 , 15 , 13 , 1 , 12 , 2 , 4 , 19 , 30 , 22 , 15 , 14 , 14 , 5 , 26 , 21 , 12 , 17 , 6 , 10 , 19 , 25 , 24 , 16 , 0 , 28 , 28 , 26 , 21 , 10 , 14 , 7 , 13 , 26 , 21 , 5 , 11 , 6 , 29 , 18 , 24 , 14 , 24 , 15 , 24 , 10 , 15 , 3 , 12 , 29 , 22 , 5 , 8 , 4 , 
Bins: 9 , 9 , 9 , 9 , 9 , 9 , 8 , 9 , 8 , 1 , 8 , 8 , 9 , 9 , 9 , 8 , 9 , 8 , 8 , 9 , 8 , 9 , 8 , 8 , 9 , 9 , 8 , 9 , 8 , 8 , 8 , 
Cost: 390106
time: 30.998998
nImprovAfterGreedy: 23
nImprovAfterRandom: 23
nMigrate: 221543
nSwap: 114189
n: 200
m: 10
Seed: 92604
