Items: 10 , 6 , 2 , 5 , 1 , 12 , 7 , 5 , 5 , 4 , 2 , 3 , 9 , 10 , 1 , 10 , 9 , 8 , 10 , 11 , 6 , 6 , 6 , 9 , 0 , 4 , 10 , 6 , 6 , 2 , 7 , 8 , 8 , 4 , 11 , 4 , 1 , 2 , 7 , 0 , 9 , 11 , 5 , 1 , 11 , 5 , 2 , 6 , 12 , 8 , 10 , 5 , 7 , 0 , 12 , 4 , 4 , 12 , 0 , 11 , 7 , 4 , 7 , 0 , 4 , 5 , 3 , 10 , 8 , 9 , 3 , 1 , 4 , 4 , 7 , 2 , 6 , 1 , 1 , 2 , 10 , 2 , 5 , 2 , 0 , 1 , 8 , 7 , 5 , 2 , 5 , 5 , 12 , 11 , 3 , 6 , 12 , 3 , 2 , 1 , 
Bins: 19 , 19 , 19 , 11 , 19 , 19 , 19 , 19 , 11 , 8 , 19 , 11 , 8 , 
Cost: 99835
time: 8.171273
nImprovAfterGreedy: 28
nImprovAfterRandom: 28
nMigrate: 198483
nSwap: 152886
n: 100
m: 20
Seed: 12943
