Items: 23 , 14 , 12 , 19 , 23 , 26 , 26 , 16 , 4 , 3 , 0 , 22 , 8 , 12 , 7 , 12 , 2 , 9 , 12 , 11 , 1 , 17 , 1 , 2 , 14 , 6 , 10 , 8 , 17 , 2 , 9 , 3 , 3 , 24 , 18 , 18 , 29 , 0 , 26 , 6 , 10 , 15 , 16 , 7 , 15 , 4 , 0 , 1 , 26 , 22 , 28 , 16 , 30 , 14 , 18 , 13 , 13 , 26 , 27 , 27 , 13 , 13 , 8 , 25 , 19 , 6 , 22 , 1 , 9 , 28 , 28 , 7 , 21 , 19 , 23 , 5 , 21 , 7 , 23 , 7 , 5 , 9 , 19 , 0 , 17 , 22 , 10 , 14 , 2 , 19 , 4 , 4 , 26 , 18 , 24 , 19 , 20 , 20 , 14 , 24 , 25 , 5 , 3 , 13 , 3 , 8 , 8 , 21 , 19 , 24 , 9 , 28 , 6 , 16 , 20 , 8 , 16 , 30 , 29 , 18 , 0 , 19 , 29 , 27 , 4 , 24 , 18 , 22 , 2 , 21 , 27 , 7 , 0 , 20 , 10 , 0 , 21 , 4 , 15 , 11 , 4 , 30 , 23 , 13 , 15 , 5 , 1 , 20 , 12 , 14 , 11 , 18 , 24 , 6 , 11 , 29 , 4 , 14 , 16 , 23 , 10 , 6 , 3 , 19 , 16 , 17 , 19 , 25 , 4 , 30 , 5 , 5 , 2 , 22 , 23 , 17 , 9 , 11 , 12 , 28 , 7 , 30 , 15 , 15 , 15 , 16 , 27 , 21 , 9 , 25 , 1 , 17 , 30 , 10 , 16 , 28 , 29 , 13 , 11 , 11 , 
Bins: 8 , 9 , 9 , 8 , 9 , 8 , 9 , 9 , 8 , 9 , 8 , 9 , 9 , 8 , 9 , 8 , 8 , 8 , 9 , 9 , 8 , 9 , 8 , 9 , 9 , 8 , 9 , 8 , 8 , 8 , 9 , 
Cost: 374344
time: 33.176098
nImprovAfterGreedy: 35
nImprovAfterRandom: 35
nMigrate: 216782
nSwap: 135104
n: 200
m: 10
Seed: 84531
