Items: 8 , 14 , 0 , 8 , 15 , 7 , 0 , 14 , 8 , 1 , 4 , 11 , 12 , 17 , 5 , 9 , 1 , 8 , 13 , 16 , 12 , 5 , 12 , 2 , 6 , 9 , 16 , 8 , 15 , 4 , 10 , 1 , 1 , 11 , 6 , 9 , 5 , 12 , 0 , 15 , 13 , 3 , 5 , 16 , 3 , 7 , 1 , 2 , 7 , 3 , 13 , 12 , 10 , 9 , 1 , 9 , 0 , 7 , 4 , 17 , 0 , 16 , 10 , 6 , 0 , 8 , 17 , 14 , 3 , 13 , 17 , 16 , 2 , 8 , 10 , 15 , 9 , 5 , 6 , 4 , 14 , 10 , 8 , 4 , 15 , 5 , 14 , 5 , 2 , 5 , 3 , 3 , 7 , 6 , 11 , 2 , 14 , 11 , 4 , 11 , 
Bins: 9 , 8 , 8 , 8 , 4 , 9 , 8 , 8 , 9 , 8 , 8 , 8 , 8 , 8 , 8 , 8 , 8 , 3 , 
Cost: 101536
time: 8.125668
nImprovAfterGreedy: 24
nImprovAfterRandom: 24
nMigrate: 162894
nSwap: 103534
n: 100
m: 10
Seed: 15088
