Items: 1 , 3 , 7 , 12 , 15 , 0 , 0 , 12 , 12 , 3 , 7 , 10 , 13 , 1 , 5 , 1 , 2 , 13 , 1 , 4 , 5 , 3 , 1 , 2 , 8 , 3 , 4 , 3 , 3 , 7 , 15 , 2 , 6 , 3 , 6 , 12 , 9 , 7 , 0 , 8 , 9 , 13 , 9 , 4 , 13 , 12 , 7 , 4 , 0 , 6 , 15 , 9 , 15 , 8 , 11 , 14 , 3 , 0 , 8 , 11 , 4 , 14 , 4 , 9 , 2 , 12 , 6 , 14 , 6 , 13 , 10 , 2 , 1 , 14 , 15 , 14 , 13 , 5 , 9 , 7 , 14 , 5 , 12 , 7 , 8 , 5 , 11 , 5 , 2 , 7 , 12 , 12 , 0 , 6 , 10 , 3 , 11 , 10 , 7 , 10 , 
Bins: 9 , 9 , 6 , 9 , 6 , 5 , 6 , 9 , 9 , 6 , 6 , 1 , 9 , 6 , 6 , 6 , 
Cost: 101852
time: 8.002621
nImprovAfterGreedy: 39
nImprovAfterRandom: 39
nMigrate: 194920
nSwap: 120477
n: 100
m: 10
Seed: 26799
