Items: 0 , 11 , 11 , 3 , 6 , 2 , 1 , 3 , 3 , 4 , 11 , 8 , 5 , 2 , 9 , 0 , 4 , 5 , 2 , 2 , 9 , 10 , 11 , 4 , 7 , 0 , 10 , 0 , 10 , 12 , 1 , 4 , 4 , 0 , 7 , 3 , 7 , 9 , 1 , 6 , 7 , 5 , 3 , 10 , 5 , 3 , 11 , 10 , 2 , 8 , 3 , 9 , 1 , 6 , 12 , 3 , 0 , 2 , 7 , 9 , 1 , 0 , 1 , 7 , 4 , 3 , 8 , 10 , 8 , 5 , 8 , 2 , 0 , 3 , 1 , 6 , 5 , 9 , 7 , 12 , 0 , 9 , 3 , 11 , 6 , 8 , 11 , 1 , 10 , 11 , 11 , 11 , 2 , 12 , 8 , 10 , 12 , 12 , 11 , 6 , 
Bins: 49 , 49 , 49 , 49 , 25 , 27 , 36 , 49 , 36 , 36 , 36 , 49 , 14 , 
Cost: 99528
time: 7.293963
nImprovAfterGreedy: 33
nImprovAfterRandom: 33
nMigrate: 139430
nSwap: 121833
n: 100
m: 50
Seed: 47707
