Items: 12 , 4 , 12 , 0 , 8 , 3 , 3 , 7 , 0 , 0 , 6 , 10 , 4 , 12 , 8 , 12 , 13 , 14 , 12 , 14 , 11 , 2 , 4 , 2 , 6 , 2 , 14 , 2 , 2 , 12 , 9 , 13 , 13 , 2 , 15 , 0 , 8 , 11 , 3 , 1 , 5 , 15 , 8 , 14 , 15 , 7 , 13 , 14 , 3 , 7 , 5 , 11 , 9 , 1 , 11 , 0 , 0 , 3 , 6 , 5 , 9 , 0 , 9 , 6 , 13 , 1 , 15 , 7 , 15 , 4 , 10 , 14 , 12 , 0 , 9 , 1 , 7 , 8 , 8 , 11 , 8 , 11 , 0 , 6 , 1 , 4 , 13 , 4 , 2 , 11 , 7 , 7 , 3 , 15 , 10 , 2 , 5 , 10 , 6 , 10 , 
Bins: 9 , 9 , 9 , 9 , 8 , 8 , 9 , 8 , 9 , 8 , 8 , 8 , 9 , 8 , 9 , 8 , 
Cost: 91986
time: 6.989789
nImprovAfterGreedy: 27
nImprovAfterRandom: 27
nMigrate: 174013
nSwap: 93266
n: 100
m: 10
Seed: 76572
