Items: 21 , 0 , 8 , 14 , 17 , 22 , 11 , 27 , 9 , 12 , 16 , 30 , 18 , 11 , 23 , 7 , 12 , 14 , 7 , 32 , 13 , 3 , 0 , 26 , 10 , 7 , 24 , 16 , 3 , 9 , 20 , 12 , 12 , 6 , 8 , 14 , 1 , 13 , 27 , 8 , 29 , 5 , 25 , 9 , 28 , 22 , 12 , 33 , 34 , 4 , 24 , 13 , 6 , 22 , 2 , 25 , 25 , 22 , 4 , 32 , 8 , 32 , 33 , 29 , 11 , 6 , 30 , 31 , 4 , 17 , 33 , 22 , 23 , 6 , 18 , 16 , 19 , 0 , 4 , 9 , 16 , 23 , 24 , 11 , 2 , 17 , 15 , 0 , 34 , 23 , 27 , 27 , 21 , 14 , 26 , 34 , 24 , 10 , 9 , 34 , 17 , 33 , 2 , 25 , 7 , 26 , 18 , 19 , 3 , 8 , 27 , 17 , 6 , 12 , 21 , 15 , 31 , 6 , 5 , 19 , 10 , 6 , 29 , 25 , 21 , 26 , 14 , 30 , 29 , 14 , 2 , 15 , 17 , 18 , 29 , 10 , 5 , 21 , 28 , 32 , 22 , 3 , 4 , 32 , 1 , 16 , 33 , 31 , 7 , 15 , 3 , 14 , 31 , 31 , 26 , 1 , 21 , 0 , 23 , 1 , 11 , 2 , 10 , 34 , 27 , 26 , 13 , 33 , 5 , 24 , 3 , 16 , 34 , 30 , 21 , 2 , 23 , 10 , 12 , 23 , 15 , 13 , 28 , 28 , 28 , 19 , 20 , 19 , 23 , 18 , 5 , 9 , 8 , 3 , 31 , 11 , 1 , 28 , 20 , 20 , 
Bins: 3 , 8 , 8 , 9 , 8 , 8 , 9 , 8 , 9 , 8 , 8 , 9 , 8 , 8 , 9 , 8 , 8 , 8 , 8 , 8 , 3 , 9 , 8 , 9 , 8 , 8 , 8 , 3 , 8 , 8 , 8 , 8 , 8 , 8 , 8 , 
Cost: 419828
time: 33.599689
nImprovAfterGreedy: 54
nImprovAfterRandom: 54
nMigrate: 202545
nSwap: 116061
n: 200
m: 10
Seed: 27167
