Items: 2 , 14 , 2 , 12 , 10 , 11 , 9 , 14 , 5 , 4 , 3 , 16 , 8 , 2 , 15 , 2 , 4 , 3 , 7 , 12 , 17 , 7 , 17 , 0 , 3 , 5 , 2 , 0 , 0 , 3 , 7 , 4 , 4 , 16 , 6 , 5 , 10 , 1 , 13 , 2 , 4 , 10 , 5 , 15 , 10 , 11 , 4 , 17 , 11 , 13 , 7 , 1 , 17 , 8 , 1 , 5 , 9 , 11 , 3 , 12 , 9 , 9 , 7 , 6 , 9 , 5 , 6 , 14 , 13 , 8 , 12 , 11 , 0 , 12 , 7 , 8 , 14 , 15 , 10 , 15 , 14 , 15 , 5 , 3 , 1 , 8 , 3 , 16 , 5 , 1 , 13 , 13 , 11 , 6 , 16 , 0 , 5 , 16 , 3 , 10 , 
Bins: 11 , 15 , 18 , 19 , 16 , 19 , 15 , 19 , 15 , 18 , 15 , 15 , 12 , 4 , 15 , 11 , 15 , 15 , 
Cost: 101321
time: 8.099915
nImprovAfterGreedy: 26
nImprovAfterRandom: 26
nMigrate: 133201
nSwap: 101173
n: 100
m: 20
Seed: 32839
