Items: 0 , 10 , 11 , 13 , 8 , 12 , 6 , 6 , 16 , 5 , 30 , 24 , 31 , 27 , 2 , 0 , 7 , 23 , 27 , 10 , 22 , 14 , 29 , 13 , 25 , 0 , 0 , 5 , 29 , 17 , 17 , 7 , 20 , 26 , 3 , 27 , 14 , 22 , 6 , 18 , 15 , 15 , 1 , 2 , 15 , 14 , 16 , 21 , 12 , 19 , 27 , 22 , 8 , 25 , 3 , 9 , 11 , 14 , 1 , 13 , 11 , 2 , 18 , 1 , 7 , 30 , 17 , 6 , 4 , 31 , 13 , 14 , 10 , 5 , 8 , 25 , 6 , 4 , 1 , 30 , 5 , 30 , 13 , 30 , 26 , 8 , 17 , 4 , 16 , 17 , 16 , 19 , 12 , 3 , 24 , 23 , 13 , 7 , 17 , 26 , 8 , 25 , 17 , 11 , 20 , 12 , 5 , 18 , 7 , 24 , 30 , 27 , 3 , 27 , 21 , 10 , 27 , 28 , 9 , 3 , 10 , 28 , 23 , 0 , 28 , 26 , 18 , 25 , 23 , 18 , 20 , 4 , 12 , 28 , 15 , 30 , 19 , 21 , 14 , 26 , 14 , 2 , 15 , 31 , 16 , 1 , 12 , 9 , 23 , 4 , 7 , 3 , 24 , 6 , 13 , 21 , 9 , 4 , 9 , 25 , 5 , 20 , 5 , 0 , 2 , 29 , 22 , 16 , 19 , 16 , 19 , 19 , 16 , 25 , 0 , 29 , 17 , 10 , 23 , 13 , 2 , 22 , 9 , 9 , 18 , 26 , 23 , 6 , 23 , 28 , 0 , 29 , 14 , 20 , 9 , 31 , 21 , 6 , 8 , 24 , 
Bins: 48 , 27 , 44 , 44 , 44 , 44 , 48 , 27 , 24 , 26 , 48 , 10 , 26 , 26 , 48 , 19 , 48 , 48 , 46 , 26 , 27 , 44 , 27 , 49 , 44 , 48 , 19 , 48 , 27 , 27 , 26 , 19 , 
Cost: 416504
time: 33.547192
nImprovAfterGreedy: 55
nImprovAfterRandom: 55
nMigrate: 137325
nSwap: 128232
n: 200
m: 50
Seed: 24029
