Items: 11 , 8 , 7 , 18 , 22 , 20 , 18 , 18 , 12 , 28 , 19 , 6 , 26 , 1 , 14 , 16 , 13 , 26 , 2 , 8 , 29 , 15 , 0 , 13 , 8 , 21 , 17 , 0 , 21 , 12 , 12 , 8 , 25 , 8 , 22 , 1 , 22 , 29 , 11 , 6 , 30 , 27 , 28 , 23 , 27 , 3 , 13 , 17 , 20 , 15 , 4 , 5 , 1 , 31 , 5 , 19 , 2 , 20 , 25 , 13 , 20 , 0 , 17 , 22 , 18 , 19 , 6 , 16 , 26 , 26 , 24 , 23 , 16 , 10 , 30 , 0 , 3 , 14 , 22 , 15 , 16 , 15 , 21 , 19 , 20 , 23 , 12 , 14 , 17 , 12 , 12 , 27 , 20 , 5 , 18 , 21 , 21 , 14 , 12 , 23 , 6 , 21 , 5 , 2 , 28 , 1 , 17 , 10 , 4 , 7 , 9 , 1 , 11 , 25 , 10 , 16 , 8 , 18 , 11 , 29 , 8 , 31 , 9 , 7 , 3 , 13 , 18 , 19 , 9 , 4 , 7 , 23 , 17 , 31 , 30 , 24 , 27 , 3 , 25 , 10 , 3 , 19 , 28 , 26 , 9 , 0 , 17 , 24 , 2 , 13 , 7 , 9 , 3 , 6 , 13 , 24 , 11 , 14 , 11 , 31 , 30 , 21 , 14 , 21 , 26 , 1 , 29 , 26 , 27 , 28 , 15 , 15 , 12 , 6 , 11 , 4 , 9 , 8 , 2 , 9 , 23 , 5 , 29 , 11 , 9 , 31 , 7 , 14 , 9 , 31 , 27 , 4 , 1 , 15 , 24 , 28 , 10 , 2 , 5 , 7 , 
Bins: 38 , 48 , 48 , 44 , 38 , 38 , 48 , 48 , 48 , 48 , 44 , 47 , 48 , 46 , 44 , 46 , 38 , 48 , 47 , 27 , 46 , 49 , 38 , 44 , 29 , 8 , 48 , 38 , 44 , 27 , 18 , 38 , 
Cost: 416578
time: 33.007902
nImprovAfterGreedy: 56
nImprovAfterRandom: 56
nMigrate: 138000
nSwap: 117941
n: 200
m: 50
Seed: 37885
