Items: 3 , 8 , 16 , 15 , 23 , 3 , 30 , 0 , 15 , 5 , 16 , 25 , 10 , 14 , 24 , 14 , 29 , 16 , 14 , 24 , 27 , 4 , 27 , 29 , 2 , 4 , 24 , 12 , 4 , 9 , 9 , 5 , 5 , 4 , 1 , 1 , 29 , 7 , 3 , 11 , 26 , 20 , 0 , 24 , 20 , 0 , 2 , 12 , 3 , 28 , 22 , 10 , 12 , 8 , 1 , 4 , 19 , 0 , 30 , 22 , 19 , 19 , 10 , 30 , 14 , 15 , 25 , 19 , 28 , 21 , 21 , 24 , 12 , 15 , 10 , 17 , 21 , 8 , 28 , 24 , 17 , 9 , 15 , 16 , 11 , 25 , 26 , 8 , 29 , 9 , 16 , 16 , 3 , 1 , 23 , 4 , 22 , 2 , 9 , 13 , 30 , 17 , 5 , 19 , 5 , 12 , 10 , 11 , 3 , 27 , 16 , 6 , 15 , 22 , 13 , 7 , 19 , 6 , 20 , 1 , 2 , 6 , 18 , 26 , 13 , 13 , 1 , 25 , 18 , 9 , 18 , 15 , 12 , 6 , 26 , 2 , 20 , 0 , 7 , 13 , 0 , 23 , 28 , 19 , 18 , 17 , 12 , 4 , 14 , 8 , 29 , 1 , 21 , 15 , 0 , 18 , 4 , 8 , 0 , 3 , 5 , 11 , 5 , 4 , 16 , 26 , 27 , 6 , 20 , 22 , 17 , 17 , 29 , 25 , 23 , 27 , 9 , 2 , 14 , 21 , 23 , 28 , 7 , 7 , 7 , 8 , 23 , 0 , 9 , 6 , 20 , 27 , 2 , 24 , 20 , 21 , 18 , 3 , 10 , 4 , 
Bins: 9 , 9 , 8 , 9 , 8 , 8 , 8 , 8 , 9 , 9 , 8 , 7 , 9 , 9 , 9 , 9 , 9 , 8 , 8 , 8 , 8 , 8 , 8 , 9 , 9 , 8 , 8 , 8 , 9 , 9 , 9 , 
Cost: 373682
time: 29.468900
nImprovAfterGreedy: 40
nImprovAfterRandom: 40
nMigrate: 184270
nSwap: 105011
n: 200
m: 10
Seed: 4277
