Items: 14 , 7 , 4 , 8 , 12 , 14 , 2 , 4 , 4 , 9 , 15 , 5 , 12 , 11 , 7 , 4 , 2 , 12 , 7 , 10 , 1 , 9 , 7 , 2 , 15 , 8 , 10 , 9 , 9 , 1 , 6 , 10 , 5 , 8 , 0 , 8 , 0 , 1 , 14 , 3 , 10 , 0 , 4 , 10 , 0 , 4 , 11 , 13 , 14 , 5 , 13 , 1 , 6 , 3 , 1 , 8 , 9 , 9 , 15 , 8 , 6 , 8 , 6 , 15 , 2 , 3 , 5 , 13 , 5 , 12 , 11 , 10 , 9 , 8 , 6 , 3 , 12 , 7 , 0 , 10 , 13 , 1 , 4 , 15 , 3 , 5 , 12 , 7 , 2 , 1 , 4 , 4 , 14 , 0 , 11 , 9 , 13 , 11 , 15 , 11 , 
Bins: 6 , 6 , 9 , 9 , 9 , 6 , 6 , 9 , 6 , 9 , 6 , 6 , 6 , 6 , 5 , 9 , 
Cost: 102134
time: 7.804942
nImprovAfterGreedy: 29
nImprovAfterRandom: 29
nMigrate: 190801
nSwap: 114804
n: 100
m: 10
Seed: 68079
