Items: 4 , 1 , 0 , 0 , 6 , 5 , 13 , 14 , 13 , 27 , 2 , 7 , 11 , 24 , 6 , 24 , 23 , 22 , 24 , 22 , 26 , 4 , 16 , 23 , 16 , 4 , 25 , 19 , 4 , 2 , 17 , 27 , 27 , 20 , 3 , 21 , 15 , 2 , 0 , 7 , 27 , 22 , 14 , 22 , 21 , 14 , 2 , 22 , 7 , 25 , 5 , 14 , 6 , 18 , 2 , 4 , 20 , 14 , 16 , 1 , 20 , 20 , 8 , 16 , 12 , 13 , 13 , 15 , 3 , 25 , 24 , 6 , 20 , 12 , 12 , 4 , 14 , 6 , 4 , 2 , 15 , 18 , 0 , 0 , 19 , 6 , 10 , 1 , 4 , 2 , 0 , 0 , 7 , 3 , 9 , 27 , 1 , 1 , 2 , 21 , 13 , 8 , 27 , 20 , 23 , 6 , 18 , 11 , 6 , 20 , 0 , 13 , 23 , 27 , 0 , 10 , 5 , 13 , 22 , 2 , 5 , 1 , 26 , 9 , 14 , 21 , 0 , 10 , 26 , 6 , 19 , 21 , 18 , 11 , 24 , 22 , 11 , 14 , 15 , 12 , 14 , 10 , 4 , 11 , 26 , 16 , 22 , 18 , 24 , 21 , 1 , 11 , 20 , 21 , 26 , 3 , 4 , 18 , 14 , 25 , 13 , 8 , 12 , 4 , 0 , 6 , 2 , 10 , 19 , 9 , 25 , 25 , 17 , 23 , 4 , 19 , 18 , 1 , 24 , 20 , 21 , 5 , 15 , 15 , 24 , 11 , 17 , 14 , 18 , 18 , 22 , 19 , 13 , 25 , 5 , 8 , 26 , 0 , 18 , 17 , 
Bins: 19 , 19 , 19 , 7 , 19 , 14 , 19 , 7 , 1 , 1 , 14 , 14 , 7 , 19 , 19 , 14 , 18 , 1 , 19 , 14 , 19 , 19 , 19 , 17 , 19 , 14 , 14 , 14 , 
Cost: 418041
time: 37.545339
nImprovAfterGreedy: 40
nImprovAfterRandom: 40
nMigrate: 197754
nSwap: 179924
n: 200
m: 20
Seed: 89303
