Items: 12 , 3 , 24 , 11 , 12 , 1 , 23 , 24 , 23 , 4 , 6 , 27 , 23 , 18 , 10 , 4 , 13 , 21 , 14 , 8 , 30 , 21 , 30 , 20 , 29 , 4 , 25 , 6 , 27 , 17 , 31 , 13 , 5 , 4 , 26 , 28 , 0 , 17 , 24 , 7 , 18 , 15 , 11 , 10 , 16 , 8 , 13 , 9 , 1 , 21 , 28 , 19 , 12 , 2 , 19 , 6 , 14 , 8 , 7 , 11 , 31 , 20 , 1 , 18 , 22 , 22 , 0 , 25 , 9 , 9 , 9 , 10 , 4 , 22 , 12 , 6 , 15 , 3 , 10 , 10 , 6 , 10 , 11 , 28 , 7 , 12 , 5 , 3 , 4 , 17 , 24 , 24 , 1 , 26 , 27 , 4 , 11 , 29 , 3 , 19 , 17 , 0 , 13 , 14 , 0 , 1 , 17 , 31 , 22 , 27 , 21 , 2 , 18 , 28 , 6 , 5 , 28 , 2 , 15 , 22 , 29 , 21 , 8 , 13 , 23 , 19 , 28 , 5 , 8 , 7 , 22 , 3 , 17 , 2 , 18 , 29 , 15 , 23 , 16 , 20 , 8 , 24 , 23 , 20 , 16 , 6 , 1 , 20 , 14 , 3 , 13 , 8 , 27 , 7 , 13 , 26 , 23 , 25 , 20 , 0 , 17 , 0 , 29 , 4 , 24 , 28 , 22 , 2 , 15 , 11 , 21 , 21 , 28 , 5 , 12 , 30 , 15 , 29 , 14 , 27 , 12 , 30 , 16 , 16 , 16 , 26 , 9 , 4 , 15 , 2 , 15 , 30 , 8 , 0 , 10 , 25 , 26 , 14 , 17 , 13 , 
Bins: 48 , 46 , 49 , 44 , 48 , 38 , 48 , 27 , 48 , 38 , 44 , 27 , 44 , 48 , 48 , 48 , 38 , 48 , 44 , 18 , 46 , 46 , 44 , 47 , 44 , 13 , 27 , 44 , 48 , 38 , 38 , 11 , 
Cost: 416395
time: 33.761166
nImprovAfterGreedy: 80
nImprovAfterRandom: 80
nMigrate: 151030
nSwap: 124158
n: 200
m: 50
Seed: 38911
