Items: 13 , 11 , 13 , 2 , 10 , 3 , 2 , 2 , 2 , 8 , 14 , 7 , 16 , 9 , 9 , 13 , 5 , 16 , 9 , 15 , 4 , 8 , 16 , 5 , 14 , 8 , 17 , 12 , 8 , 14 , 13 , 17 , 17 , 7 , 4 , 17 , 10 , 4 , 6 , 1 , 5 , 15 , 2 , 8 , 15 , 3 , 11 , 8 , 3 , 6 , 11 , 4 , 10 , 17 , 11 , 17 , 0 , 3 , 14 , 11 , 15 , 15 , 15 , 1 , 0 , 2 , 1 , 12 , 6 , 16 , 10 , 3 , 13 , 0 , 10 , 12 , 12 , 9 , 10 , 14 , 12 , 9 , 2 , 9 , 0 , 2 , 14 , 16 , 5 , 14 , 6 , 6 , 3 , 4 , 7 , 5 , 11 , 7 , 14 , 7 , 
Bins: 4 , 4 , 18 , 15 , 15 , 16 , 4 , 15 , 15 , 18 , 15 , 15 , 15 , 15 , 19 , 15 , 15 , 15 , 
Cost: 114767
time: 8.488203
nImprovAfterGreedy: 38
nImprovAfterRandom: 38
nMigrate: 121836
nSwap: 113930
n: 100
m: 20
Seed: 75616
