Items: 15 , 4 , 1 , 17 , 12 , 10 , 6 , 13 , 18 , 11 , 2 , 7 , 0 , 5 , 12 , 1 , 10 , 18 , 6 , 6 , 13 , 11 , 13 , 9 , 18 , 16 , 15 , 11 , 16 , 8 , 3 , 12 , 5 , 16 , 4 , 16 , 12 , 2 , 3 , 0 , 15 , 9 , 7 , 14 , 9 , 17 , 2 , 11 , 10 , 4 , 0 , 7 , 3 , 9 , 2 , 16 , 14 , 11 , 7 , 17 , 3 , 16 , 3 , 1 , 10 , 0 , 18 , 13 , 18 , 15 , 17 , 17 , 1 , 16 , 15 , 0 , 9 , 12 , 12 , 8 , 13 , 8 , 17 , 8 , 2 , 7 , 5 , 5 , 7 , 8 , 4 , 4 , 10 , 6 , 14 , 11 , 17 , 14 , 8 , 2 , 
Bins: 15 , 4 , 15 , 15 , 4 , 4 , 12 , 15 , 10 , 15 , 16 , 15 , 15 , 15 , 4 , 15 , 15 , 15 , 13 , 
Cost: 139929
time: 10.219346
nImprovAfterGreedy: 28
nImprovAfterRandom: 28
nMigrate: 180490
nSwap: 150795
n: 100
m: 20
Seed: 5533
